$O;D2
* From-Time To-Time
5.00 9.00
* Factor
1
*
* some
* additional
* comments

101	102	84
101	102	105
101	102	64
101	102	0
101	102	0
101	102	12
101	102	20
101	103	112
101	102	38
101	102	57
101	119	0
101	119	0
101	108	118
101	108	0
101	108	0
101	108	104
101	118	0
101	118	0
101	102	18
101	102	0
101	103	0
101	102	0
101	102	0
101	102	0
101	102	0
101	102	0
101	102	34
101	112	0
101	112	0
101	143	0
101	143	0
101	143	0
101	128	0
101	128	0
101	129	34
101	128	0
101	128	0
101	129	0
101	130	0
101	129	0
101	128	0
101	138	0
101	138	26
101	144	0
101	144	27
101	134	0
101	144	0
101	112	26
101	113	0
101	113	40
101	113	0
101	114	13
101	118	0
101	114	18
101	118	0
101	119	0
101	119	0
101	134	0
101	108	0
101	108	0
101	108	50
101	108	0
101	118	0
101	108	32
101	108	10
101	108	0
101	118	0
101	118	55
101	114	0
101	114	0
101	119	20
101	108	0
102	102	39
102	102	144
102	102	0
102	102	24
102	102	0
102	102	94
102	102	229
102	102	213
102	102	23
102	102	17
102	119	0
102	119	0
102	108	172
102	108	0
102	118	0
102	108	30
102	118	24
102	114	22
102	102	0
102	102	0
102	102	70
102	102	35
102	102	0
102	102	0
102	102	0
102	102	0
102	102	0
102	102	52
102	102	0
102	143	0
102	103	24
102	143	0
102	128	0
102	128	0
102	129	0
102	128	0
102	128	0
102	129	0
102	130	0
102	129	0
102	128	0
102	138	0
102	138	0
102	144	0
102	144	0
102	134	0
102	144	0
102	112	0
102	113	0
102	113	17
102	113	0
102	114	0
102	118	38
102	114	0
102	118	0
102	119	0
102	119	0
102	134	20
102	108	0
102	108	0
102	108	0
102	108	17
102	118	0
102	108	28
102	108	43
102	108	0
102	118	0
102	114	0
102	114	0
102	114	0
102	108	64
102	108	0
103	102	54
103	102	158
103	103	0
103	103	21
103	103	0
103	103	0
103	143	159
103	143	160
103	102	93
103	103	45
103	119	0
103	119	0
103	108	101
103	108	0
103	108	0
103	108	0
103	118	31
103	118	0
103	143	0
103	143	0
103	143	36
103	143	63
103	103	0
103	103	35
103	143	0
103	102	0
103	102	51
103	102	51
103	102	0
103	143	0
103	143	0
103	143	0
103	128	48
103	128	73
103	128	81
103	128	0
103	128	42
103	128	22
103	129	27
103	128	0
103	128	21
103	138	0
103	138	38
103	144	0
103	144	34
103	134	0
103	144	0
103	112	0
103	113	0
103	113	0
103	113	33
103	114	0
103	118	0
103	114	0
103	118	0
103	119	0
103	119	0
103	134	0
103	108	40
103	108	0
103	108	0
103	108	0
103	108	0
103	108	99
103	108	0
103	108	0
103	108	0
103	118	0
103	114	0
103	114	0
103	119	33
103	108	58
104	102	24
104	102	43
104	102	18
104	103	0
104	102	0
104	103	44
104	143	121
104	143	99
104	102	59
104	103	0
104	119	0
104	136	0
104	108	154
104	108	23
104	108	0
104	108	262
104	108	0
104	118	0
104	143	0
104	143	0
104	143	51
104	143	71
104	103	23
104	102	48
104	103	0
104	102	0
104	102	0
104	112	27
104	112	0
104	128	0
104	143	0
104	142	0
104	128	0
104	128	0
104	129	0
104	128	0
104	128	0
104	129	0
104	130	0
104	129	0
104	128	0
104	138	0
104	138	0
104	144	46
104	144	0
104	134	0
104	144	0
104	113	15
104	114	0
104	113	0
104	113	0
104	114	48
104	108	0
104	114	47
104	108	0
104	119	29
104	136	0
104	134	0
104	108	54
104	108	0
104	108	0
104	108	45
104	108	0
104	108	23
104	108	0
104	108	0
104	108	0
104	108	0
104	114	0
104	118	0
104	136	0
104	108	0
105	102	0
105	111	118
105	102	0
105	102	23
105	102	0
105	102	0
105	102	146
105	143	170
105	111	0
105	102	36
105	119	53
105	119	20
105	108	246
105	108	70
105	108	0
105	108	147
105	118	0
105	118	0
105	102	0
105	102	0
105	143	0
105	102	0
105	102	0
105	102	22
105	102	0
105	111	0
105	111	45
105	112	22
105	113	0
105	143	0
105	143	0
105	143	0
105	128	0
105	128	0
105	129	51
105	129	0
105	128	0
105	130	0
105	138	0
105	130	0
105	129	0
105	139	0
105	138	34
105	144	0
105	144	27
105	134	0
105	144	34
105	113	0
105	114	0
105	113	87
105	113	16
105	114	0
105	108	56
105	114	60
105	108	0
105	119	0
105	119	0
105	134	0
105	108	86
105	108	41
105	108	0
105	108	0
105	108	0
105	108	56
105	108	48
105	108	0
105	108	53
105	118	0
105	114	0
105	118	0
105	119	0
105	108	0
106	111	45
106	111	139
106	102	0
106	102	0
106	102	55
106	102	0
106	102	10
106	102	113
106	112	253
106	111	82
106	108	0
106	119	29
106	108	128
106	108	0
106	118	43
106	108	105
106	118	0
106	118	41
106	102	0
106	102	40
106	103	112
106	102	0
106	111	0
106	111	0
106	111	0
106	112	15
106	111	0
106	112	78
106	115	0
106	143	0
106	143	0
106	143	27
106	128	0
106	128	0
106	129	16
106	128	0
106	128	0
106	130	45
106	138	0
106	130	0
106	128	0
106	144	0
106	138	0
106	144	0
106	144	0
106	134	0
106	144	0
106	113	15
106	113	0
106	113	90
106	113	0
106	114	0
106	118	0
106	114	11
106	118	27
106	108	0
106	119	0
106	134	16
106	108	0
106	108	0
106	108	0
106	108	11
106	118	0
106	108	46
106	108	72
106	108	0
106	118	0
106	118	0
106	114	0
106	114	0
106	108	0
106	108	0
107	111	153
107	111	139
107	102	0
107	102	0
107	102	0
107	102	63
107	102	101
107	103	58
107	112	86
107	111	136
107	108	0
107	108	76
107	108	443
107	108	232
107	108	46
107	108	176
107	118	71
107	118	54
107	102	0
107	102	0
107	103	17
107	102	61
107	111	0
107	111	0
107	111	39
107	112	0
107	112	0
107	113	59
107	113	0
107	143	24
107	143	0
107	143	26
107	128	77
107	129	0
107	130	0
107	129	0
107	128	0
107	130	0
107	138	0
107	130	0
107	129	0
107	144	0
107	138	22
107	144	0
107	144	0
107	134	0
107	144	0
107	113	0
107	114	37
107	114	98
107	114	0
107	114	60
107	118	154
107	114	21
107	118	0
107	108	153
107	108	0
107	134	0
107	108	78
107	108	86
107	108	74
107	108	78
107	108	0
107	108	178
107	108	53
107	108	0
107	108	0
107	118	0
107	114	0
107	118	0
107	108	0
107	108	0
108	111	94
108	111	0
108	102	25
108	102	0
108	102	0
108	102	59
108	102	24
108	103	55
108	112	188
108	111	0
108	108	41
108	108	87
108	108	1 062
108	108	281
108	108	63
108	108	944
108	108	373
108	108	57
108	102	0
108	102	0
108	143	32
108	102	0
108	111	0
108	112	63
108	111	15
108	115	0
108	112	0
108	113	0
108	113	0
108	128	0
108	143	32
108	143	18
108	128	23
108	129	0
108	130	0
108	129	0
108	128	0
108	131	0
108	138	18
108	138	0
108	129	0
108	144	0
108	138	0
108	144	22
108	134	0
108	134	0
108	144	0
108	114	0
108	118	50
108	114	187
108	114	0
108	114	84
108	108	245
108	108	0
108	108	0
108	108	194
108	108	59
108	108	16
108	108	175
108	108	143
108	108	0
108	108	137
108	108	24
108	108	226
108	108	153
108	108	0
108	108	33
108	108	0
108	108	19
108	108	0
108	108	0
108	108	0
109	111	134
109	111	77
109	111	0
109	102	0
109	102	0
109	102	0
109	111	86
109	102	37
109	112	30
109	111	0
109	108	19
109	108	0
109	108	247
109	108	0
109	118	0
109	108	199
109	118	147
109	118	0
109	111	0
109	111	0
109	102	31
109	102	0
109	111	0
109	112	0
109	112	34
109	112	0
109	112	39
109	113	41
109	113	34
109	143	0
109	143	0
109	143	0
109	128	0
109	129	0
109	130	0
109	129	0
109	128	0
109	130	0
109	138	0
109	131	0
109	129	0
109	144	0
109	138	0
109	144	20
109	134	0
109	108	0
109	144	0
109	113	0
109	114	31
109	114	37
109	114	0
109	114	76
109	118	18
109	114	0
109	118	0
109	108	0
109	108	0
109	108	22
109	108	106
109	108	45
109	118	94
109	118	51
109	118	0
109	108	22
109	118	0
109	108	0
109	118	0
109	118	0
109	114	0
109	118	0
109	108	0
109	118	0
110	111	97
110	111	177
110	111	65
110	102	58
110	102	20
110	102	17
110	111	315
110	102	54
110	112	243
110	111	37
110	108	0
110	108	31
110	108	395
110	108	0
110	118	59
110	108	140
110	118	122
110	114	46
110	111	0
110	111	36
110	102	22
110	111	32
110	111	0
110	112	127
110	111	16
110	112	0
110	112	52
110	115	0
110	113	25
110	143	0
110	102	0
110	143	0
110	128	0
110	128	0
110	129	43
110	128	0
110	128	35
110	130	0
110	138	0
110	130	0
110	128	0
110	144	0
110	138	0
110	144	0
110	134	0
110	108	0
110	144	0
110	113	0
110	113	32
110	113	81
110	113	0
110	114	30
110	118	104
110	114	0
110	118	18
110	108	0
110	108	0
110	108	0
110	108	0
110	108	27
110	118	79
110	118	0
110	118	0
110	108	53
110	118	84
110	108	0
110	118	0
110	114	0
110	114	0
110	114	0
110	108	0
110	118	0
111	111	136
111	111	314
111	111	0
111	102	0
111	111	0
111	111	0
111	111	91
111	111	161
111	112	225
111	111	13
111	108	0
111	108	0
111	108	186
111	108	68
111	118	0
111	108	82
111	118	35
111	114	37
111	111	0
111	111	0
111	111	40
111	111	40
111	111	0
111	111	19
111	111	0
111	112	0
111	111	0
111	112	100
111	112	28
111	102	0
111	102	0
111	143	15
111	128	0
111	128	0
111	129	0
111	128	0
111	128	0
111	129	0
111	138	0
111	130	0
111	128	0
111	144	0
111	138	0
111	144	0
111	144	0
111	134	0
111	144	0
111	113	0
111	113	0
111	113	0
111	113	92
111	114	0
111	118	26
111	114	38
111	114	0
111	108	0
111	108	0
111	134	0
111	108	0
111	108	43
111	118	36
111	118	0
111	118	0
111	108	0
111	118	0
111	108	0
111	118	0
111	114	0
111	114	0
111	114	23
111	108	0
111	118	0
112	111	135
112	112	217
112	112	27
112	111	56
112	111	0
112	112	0
112	112	214
112	111	126
112	112	347
112	112	45
112	108	0
112	108	0
112	108	331
112	118	33
112	118	34
112	108	197
112	118	137
112	114	235
112	112	0
112	112	0
112	112	91
112	112	0
112	112	0
112	112	49
112	112	18
112	112	0
112	112	0
112	115	145
112	115	0
112	111	0
112	111	0
112	102	55
112	128	19
112	128	0
112	129	42
112	128	0
112	143	0
112	130	0
112	138	0
112	130	0
112	128	0
112	144	0
112	138	0
112	144	0
112	134	0
112	108	0
112	144	0
112	113	15
112	113	81
112	113	139
112	113	41
112	114	92
112	114	118
112	114	0
112	114	41
112	108	36
112	108	0
112	108	0
112	118	25
112	118	0
112	118	68
112	118	0
112	114	0
112	118	22
112	118	28
112	118	0
112	114	0
112	114	0
112	113	0
112	114	0
112	118	0
112	118	0
113	112	57
113	115	33
113	115	0
113	112	31
113	112	0
113	115	18
113	113	17
113	115	0
113	113	125
113	113	0
113	118	0
113	118	0
113	118	65
113	114	107
113	114	0
113	118	237
113	118	53
113	114	29
113	113	0
113	113	0
113	113	0
113	113	0
113	113	0
113	113	0
113	113	0
113	113	0
113	113	20
113	113	73
113	113	0
113	112	0
113	115	0
113	112	0
113	128	0
113	128	0
113	130	34
113	128	0
113	112	0
113	130	0
113	138	0
113	131	0
113	128	0
113	144	0
113	138	0
113	144	0
113	134	0
113	114	40
113	134	0
113	113	0
113	113	0
113	113	328
113	113	49
113	114	28
113	114	173
113	114	15
113	114	0
113	114	21
113	118	0
113	118	23
113	114	0
113	114	0
113	114	0
113	114	45
113	114	0
113	114	0
113	114	0
113	114	0
113	114	0
113	114	32
113	113	0
113	114	0
113	114	29
113	114	0
114	111	53
114	112	37
114	112	27
114	111	18
114	111	0
114	112	0
114	112	132
114	111	88
114	115	88
114	115	0
114	118	0
114	118	0
114	118	230
114	114	69
114	114	66
114	118	215
114	118	144
114	114	58
114	115	0
114	115	0
114	112	17
114	112	0
114	115	0
114	113	15
114	113	0
114	113	0
114	113	11
114	113	66
114	113	0
114	102	0
114	111	0
114	143	20
114	128	15
114	129	0
114	130	0
114	129	0
114	128	0
114	131	0
114	138	0
114	138	0
114	129	0
114	144	0
114	138	0
114	144	0
114	134	0
114	114	0
114	134	0
114	114	21
114	114	69
114	114	112
114	114	84
114	114	91
114	114	52
114	114	29
114	114	0
114	114	0
114	118	0
114	114	0
114	114	37
114	114	14
114	114	0
114	114	0
114	114	0
114	114	117
114	114	0
114	114	0
114	114	0
114	114	35
114	114	0
114	114	0
114	114	0
114	114	0
115	111	0
115	112	66
115	112	0
115	111	0
115	112	0
115	112	0
115	112	0
115	112	29
115	115	0
115	115	0
115	118	0
115	108	0
115	108	20
115	118	0
115	114	0
115	118	59
115	118	0
115	114	0
115	115	0
115	115	0
115	112	0
115	112	0
115	115	0
115	115	0
115	115	16
115	113	0
115	115	0
115	113	44
115	113	0
115	111	0
115	112	0
115	111	0
115	128	0
115	128	0
115	130	0
115	128	0
115	143	0
115	130	0
115	138	0
115	131	0
115	128	0
115	144	0
115	138	0
115	144	0
115	134	0
115	118	0
115	144	0
115	113	0
115	113	0
115	113	0
115	113	0
115	114	0
115	114	0
115	114	0
115	114	0
115	118	0
115	118	0
115	118	0
115	118	25
115	114	0
115	114	0
115	114	0
115	114	0
115	118	21
115	114	0
115	114	0
115	114	0
115	114	28
115	113	0
115	114	0
115	114	0
115	114	0
116	111	17
116	112	111
116	111	22
116	111	17
116	111	0
116	111	0
116	112	0
116	111	52
116	112	115
116	112	23
116	118	0
116	108	0
116	108	142
116	118	0
116	118	0
116	118	76
116	118	37
116	114	31
116	112	0
116	112	0
116	111	0
116	112	0
116	112	0
116	112	50
116	112	0
116	113	0
116	115	0
116	113	114
116	113	0
116	143	0
116	111	0
116	143	0
116	128	0
116	128	0
116	130	29
116	129	0
116	128	0
116	130	0
116	138	0
116	131	0
116	129	0
116	144	0
116	138	0
116	144	0
116	134	0
116	118	0
116	144	0
116	113	0
116	114	0
116	113	23
116	113	24
116	114	100
116	114	56
116	114	41
116	114	19
116	118	91
116	118	0
116	118	0
116	118	32
116	118	0
116	118	64
116	118	18
116	114	0
116	118	36
116	114	32
116	118	0
116	114	21
116	114	16
116	114	0
116	114	0
116	118	0
116	114	23
117	111	0
117	112	217
117	111	0
117	102	0
117	102	0
117	111	21
117	111	112
117	102	74
117	112	156
117	112	0
117	108	0
117	108	0
117	108	596
117	118	23
117	118	0
117	108	171
117	118	49
117	114	52
117	112	0
117	112	0
117	102	26
117	111	89
117	112	22
117	112	0
117	112	23
117	115	0
117	112	0
117	113	0
117	113	0
117	143	0
117	102	47
117	143	31
117	128	0
117	129	0
117	130	0
117	129	0
117	128	0
117	130	34
117	138	26
117	138	0
117	129	0
117	144	0
117	138	52
117	144	0
117	134	0
117	108	0
117	144	0
117	113	0
117	114	33
117	114	95
117	114	59
117	114	0
117	118	92
117	114	0
117	118	0
117	108	73
117	108	0
117	108	0
117	118	24
117	118	41
117	118	51
117	118	32
117	118	0
117	118	0
117	118	62
117	118	0
117	118	0
117	114	0
117	114	0
117	114	0
117	118	0
117	118	38
118	111	55
118	112	134
118	111	0
118	102	0
118	102	0
118	102	0
118	111	72
118	102	0
118	112	85
118	112	50
118	118	0
118	118	0
118	118	546
118	118	38
118	118	160
118	118	217
118	118	153
118	118	248
118	112	0
118	112	0
118	102	51
118	111	0
118	112	0
118	112	0
118	112	0
118	113	20
118	115	0
118	113	23
118	113	0
118	143	32
118	103	0
118	143	0
118	128	0
118	129	0
118	130	39
118	129	0
118	128	0
118	131	0
118	138	0
118	138	0
118	129	0
118	144	0
118	138	0
118	144	0
118	134	0
118	118	0
118	134	0
118	114	0
118	114	0
118	114	0
118	114	0
118	114	23
118	118	0
118	118	0
118	118	34
118	118	0
118	118	0
118	118	0
118	118	0
118	118	38
118	118	69
118	118	52
118	118	15
118	118	36
118	118	41
118	118	0
118	118	0
118	118	33
118	118	0
118	118	0
118	118	0
118	118	0
119	111	20
119	111	101
119	102	0
119	102	0
119	102	0
119	102	0
119	102	185
119	143	159
119	112	39
119	102	53
119	119	0
119	136	105
119	108	629
119	108	74
119	108	32
119	108	402
119	108	37
119	108	38
119	103	0
119	103	0
119	143	37
119	143	15
119	102	0
119	111	0
119	102	0
119	112	0
119	112	42
119	113	0
119	113	0
119	128	0
119	143	85
119	128	38
119	128	0
119	129	0
119	130	33
119	129	0
119	128	0
119	131	0
119	138	43
119	138	0
119	129	0
119	144	32
119	138	94
119	144	70
119	144	9
119	134	0
119	144	0
119	114	0
119	108	47
119	114	0
119	114	0
119	114	0
119	108	95
119	108	0
119	108	0
119	119	70
119	136	0
119	134	0
119	108	155
119	108	0
119	108	207
119	108	26
119	108	29
119	108	130
119	108	86
119	108	19
119	108	0
119	108	0
119	108	0
119	108	0
119	119	0
119	108	0
120	111	29
120	111	43
120	102	0
120	102	0
120	102	0
120	102	13
120	102	0
120	143	39
120	112	0
120	102	0
120	119	0
120	119	0
120	108	184
120	108	17
120	108	15
120	108	42
120	108	30
120	118	30
120	102	0
120	102	0
120	143	28
120	102	0
120	102	0
120	111	0
120	102	0
120	112	0
120	112	0
120	113	0
120	113	0
120	128	0
120	143	0
120	142	46
120	128	0
120	129	0
120	130	48
120	129	0
120	128	0
120	130	0
120	138	0
120	130	0
120	129	0
120	144	0
120	138	0
120	144	25
120	144	0
120	134	0
120	144	0
120	113	0
120	114	14
120	114	112
120	114	0
120	114	13
120	108	0
120	118	0
120	108	0
120	119	52
120	119	0
120	134	0
120	108	24
120	108	41
120	108	0
120	108	0
120	108	19
120	108	35
120	108	46
120	108	0
120	108	0
120	108	0
120	118	0
120	108	0
120	119	0
120	108	0
121	111	0
121	111	34
121	102	16
121	102	0
121	102	0
121	102	0
121	102	0
121	103	97
121	112	0
121	102	30
121	119	0
121	119	0
121	108	81
121	108	0
121	108	0
121	108	88
121	118	0
121	118	0
121	102	0
121	102	0
121	143	0
121	102	0
121	102	0
121	111	16
121	102	0
121	112	0
121	111	0
121	115	13
121	113	0
121	143	0
121	143	0
121	143	0
121	128	0
121	128	0
121	129	0
121	129	0
121	128	0
121	130	0
121	138	0
121	130	0
121	129	0
121	144	0
121	138	0
121	144	0
121	144	0
121	134	0
121	144	0
121	113	0
121	114	0
121	113	0
121	113	0
121	114	14
121	118	0
121	114	0
121	118	0
121	119	0
121	119	0
121	134	0
121	108	0
121	108	0
121	108	40
121	108	18
121	108	0
121	108	59
121	108	30
121	108	0
121	108	0
121	118	0
121	114	0
121	118	0
121	119	0
121	108	0
122	102	0
122	102	37
122	102	27
122	102	0
122	102	0
122	103	0
122	103	0
122	143	45
122	102	38
122	102	0
122	119	0
122	119	0
122	108	25
122	108	27
122	108	0
122	108	41
122	118	0
122	118	0
122	103	0
122	103	0
122	143	0
122	143	0
122	102	0
122	102	0
122	102	0
122	102	0
122	102	0
122	112	0
122	112	0
122	143	0
122	143	0
122	143	0
122	128	0
122	128	0
122	129	0
122	128	0
122	128	0
122	129	0
122	130	0
122	129	0
122	128	0
122	138	0
122	138	0
122	144	0
122	144	0
122	134	0
122	144	0
122	113	0
122	113	0
122	113	0
122	113	0
122	114	0
122	109	0
122	114	0
122	118	0
122	119	0
122	119	0
122	134	0
122	108	0
122	108	22
122	108	0
122	108	0
122	108	0
122	108	19
122	108	63
122	108	0
122	108	0
122	118	0
122	114	0
122	118	0
122	119	0
122	108	0
123	102	0
123	102	57
123	102	0
123	102	0
123	102	0
123	103	0
123	103	0
123	143	0
123	111	0
123	102	0
123	119	0
123	136	0
123	108	0
123	108	0
123	108	0
123	108	0
123	108	0
123	118	0
123	143	0
123	143	0
123	143	0
123	143	0
123	102	0
123	102	0
123	102	0
123	111	0
123	111	0
123	112	0
123	113	0
123	128	0
123	143	0
123	142	0
123	128	0
123	129	0
123	129	0
123	129	0
123	128	0
123	130	0
123	138	0
123	130	0
123	129	0
123	138	0
123	138	0
123	144	0
123	144	0
123	134	0
123	144	0
123	113	0
123	114	0
123	113	0
123	114	0
123	114	0
123	108	0
123	118	0
123	108	0
123	119	0
123	136	0
123	134	0
123	108	0
123	108	0
123	108	0
123	108	16
123	108	0
123	108	0
123	108	0
123	108	0
123	108	0
123	108	0
123	118	0
123	108	0
123	119	0
123	108	0
124	102	21
124	102	233
124	102	0
124	102	81
124	102	0
124	103	0
124	103	0
124	143	81
124	111	0
124	102	63
124	119	0
124	136	0
124	108	23
124	108	0
124	108	0
124	108	82
124	108	0
124	118	0
124	143	9
124	143	0
124	142	0
124	143	0
124	103	0
124	102	0
124	103	0
124	111	0
124	111	0
124	115	0
124	113	0
124	128	0
124	143	0
124	128	0
124	128	0
124	129	0
124	129	0
124	129	0
124	128	0
124	130	0
124	138	0
124	130	0
124	129	0
124	138	0
124	138	16
124	144	0
124	144	0
124	134	0
124	144	0
124	113	0
124	114	0
124	114	0
124	114	0
124	114	0
124	108	0
124	118	0
124	108	0
124	136	0
124	136	0
124	134	0
124	108	0
124	108	0
124	108	0
124	108	0
124	108	0
124	108	0
124	108	0
124	108	0
124	108	0
124	108	0
124	118	0
124	108	0
124	136	0
124	108	0
125	102	14
125	102	21
125	102	0
125	103	0
125	102	0
125	143	0
125	143	0
125	143	0
125	102	0
125	103	0
125	119	0
125	136	0
125	108	47
125	108	0
125	108	0
125	108	23
125	108	0
125	118	0
125	143	0
125	143	0
125	128	0
125	143	0
125	143	0
125	102	0
125	143	0
125	102	0
125	102	0
125	112	0
125	112	0
125	128	0
125	142	17
125	128	0
125	128	0
125	129	0
125	129	0
125	129	0
125	128	14
125	129	0
125	130	0
125	129	0
125	129	0
125	138	9
125	138	0
125	144	0
125	144	0
125	134	0
125	144	0
125	113	0
125	114	18
125	113	0
125	113	0
125	114	0
125	108	0
125	118	0
125	108	0
125	136	0
125	136	0
125	134	0
125	108	0
125	108	0
125	108	0
125	108	0
125	108	0
125	136	0
125	108	0
125	108	0
125	108	0
125	108	0
125	118	0
125	108	0
125	136	0
125	108	0
126	102	0
126	102	0
126	102	0
126	103	0
126	103	0
126	143	0
126	143	0
126	143	0
126	102	0
126	103	0
126	136	0
126	136	44
126	108	7
126	108	0
126	108	0
126	108	0
126	108	0
126	118	0
126	143	0
126	143	0
126	128	0
126	143	0
126	143	0
126	103	0
126	143	0
126	102	0
126	102	0
126	112	0
126	112	97
126	128	0
126	128	0
126	128	0
126	128	0
126	129	0
126	129	10
126	129	0
126	128	0
126	129	65
126	129	26
126	129	0
126	129	0
126	138	0
126	138	0
126	144	0
126	144	0
126	144	0
126	139	0
126	113	0
126	114	0
126	113	0
126	113	0
126	114	0
126	108	0
126	118	0
126	108	0
126	136	0
126	136	0
126	134	0
126	108	0
126	108	0
126	108	0
126	108	0
126	108	0
126	136	0
126	108	0
126	108	0
126	108	0
126	108	0
126	118	0
126	108	0
126	136	0
126	108	0
128	102	107
128	102	119
128	143	29
128	143	28
128	143	34
128	143	0
128	143	112
128	143	169
128	102	0
128	143	75
128	136	0
128	136	0
128	108	180
128	108	43
128	108	0
128	108	33
128	118	0
128	118	0
128	143	0
128	143	0
128	128	0
128	143	0
128	143	0
128	143	21
128	143	0
128	143	0
128	143	0
128	102	85
128	102	0
128	128	0
128	128	34
128	128	31
128	128	126
128	128	42
128	128	83
128	128	0
128	128	38
128	128	21
128	128	56
128	128	0
128	128	0
128	138	0
128	138	51
128	144	24
128	144	0
128	144	67
128	138	0
128	112	0
128	113	0
128	113	0
128	113	0
128	114	42
128	108	43
128	114	0
128	108	0
128	136	0
128	136	0
128	134	0
128	108	0
128	108	46
128	108	0
128	108	0
128	108	0
128	136	14
128	108	123
128	108	0
128	108	0
128	108	0
128	114	0
128	118	0
128	134	35
128	108	0
129	102	20
129	102	0
129	102	0
129	103	17
129	102	0
129	143	21
129	143	28
129	143	14
129	111	78
129	103	18
129	136	0
129	132	0
129	108	106
129	108	19
129	108	0
129	108	159
129	108	0
129	118	23
129	143	0
129	143	0
129	128	17
129	143	0
129	143	0
129	102	0
129	143	0
129	111	0
129	102	0
129	115	0
129	113	0
129	128	0
129	128	0
129	128	72
129	128	0
129	129	37
129	129	73
129	129	0
129	129	0
129	130	0
129	130	20
129	130	0
129	129	0
129	138	0
129	138	55
129	144	107
129	144	53
129	144	0
129	144	0
129	113	0
129	114	0
129	114	0
129	114	0
129	114	15
129	108	0
129	118	0
129	108	0
129	136	30
129	136	0
129	134	26
129	108	88
129	108	0
129	108	0
129	108	0
129	108	0
129	136	39
129	136	0
129	136	0
129	108	26
129	108	0
129	108	0
129	108	0
129	134	0
129	136	0
130	102	61
130	111	41
130	102	33
130	102	30
130	102	0
130	103	0
130	143	0
130	143	0
130	112	18
130	102	0
130	133	0
130	133	0
130	108	135
130	119	0
130	108	0
130	108	0
130	108	0
130	108	0
130	143	0
130	143	0
130	128	0
130	143	0
130	103	0
130	102	0
130	103	0
130	112	0
130	111	0
130	113	0
130	113	0
130	129	0
130	128	0
130	128	16
130	129	0
130	130	0
130	130	0
130	130	0
130	130	0
130	131	0
130	138	31
130	138	0
130	130	0
130	138	0
130	138	0
130	144	82
130	144	0
130	144	29
130	144	0
130	114	0
130	108	11
130	114	0
130	114	0
130	114	0
130	108	0
130	108	0
130	108	0
130	136	16
130	134	0
130	134	0
130	132	24
130	132	0
130	132	0
130	108	0
130	119	0
130	136	9
130	133	0
130	136	0
130	136	33
130	108	0
130	108	0
130	108	0
130	134	0
130	136	0
131	102	0
131	111	0
131	102	0
131	102	16
131	102	0
131	103	0
131	143	45
131	143	0
131	112	0
131	102	0
131	132	20
131	132	0
131	132	117
131	133	58
131	132	0
131	108	121
131	108	31
131	108	0
131	143	0
131	143	0
131	130	0
131	143	25
131	103	0
131	102	0
131	103	0
131	112	0
131	111	0
131	113	0
131	113	0
131	130	0
131	128	0
131	130	0
131	130	0
131	131	0
131	131	34
131	130	0
131	131	0
131	138	0
131	138	14
131	138	0
131	131	0
131	139	0
131	138	132
131	144	132
131	144	0
131	144	37
131	144	0
131	114	0
131	108	0
131	114	0
131	108	0
131	108	0
131	132	36
131	119	0
131	133	0
131	134	35
131	134	0
131	134	0
131	132	0
131	133	0
131	133	0
131	133	0
131	133	0
131	134	0
131	136	0
131	134	0
131	136	0
131	133	0
131	132	0
131	133	0
131	134	0
131	134	0
132	111	0
132	111	0
132	102	0
132	102	0
132	102	0
132	102	0
132	102	0
132	143	56
132	112	38
132	102	0
132	132	0
132	132	44
132	133	221
132	133	23
132	133	0
132	133	190
132	133	50
132	133	0
132	143	0
132	143	0
132	128	55
132	143	0
132	102	0
132	111	0
132	102	0
132	112	0
132	112	0
132	113	0
132	114	0
132	129	0
132	103	0
132	128	0
132	129	0
132	131	0
132	131	54
132	130	0
132	130	0
132	138	0
132	139	0
132	138	0
132	131	0
132	144	0
132	138	38
132	144	143
132	144	0
132	134	0
132	144	18
132	133	0
132	133	74
132	133	0
132	133	0
132	133	0
132	133	40
132	133	0
132	133	0
132	136	42
132	134	0
132	134	0
132	132	0
132	132	0
132	132	132
132	133	0
132	133	0
132	134	0
132	136	0
132	136	0
132	136	0
132	133	0
132	133	42
132	133	0
132	134	0
132	136	0
133	111	0
133	111	0
133	102	0
133	102	0
133	102	0
133	102	0
133	102	0
133	143	0
133	112	0
133	102	0
133	133	0
133	133	0
133	133	43
133	133	0
133	133	0
133	133	0
133	133	0
133	133	0
133	103	0
133	143	0
133	128	0
133	143	0
133	102	0
133	111	0
133	102	0
133	115	0
133	112	0
133	113	0
133	114	0
133	128	0
133	143	0
133	128	0
133	129	0
133	130	0
133	131	0
133	129	0
133	130	0
133	138	0
133	139	0
133	138	0
133	131	0
133	144	0
133	138	0
133	144	0
133	134	0
133	134	0
133	144	0
133	133	0
133	133	0
133	133	0
133	133	0
133	133	0
133	133	0
133	133	0
133	133	0
133	136	16
133	136	0
133	134	0
133	133	0
133	133	0
133	133	15
133	133	0
133	133	0
133	136	0
133	133	0
133	136	0
133	133	0
133	133	0
133	133	0
133	133	0
133	136	0
133	136	0
134	111	0
134	111	13
134	102	0
134	102	0
134	102	0
134	102	0
134	102	0
134	143	18
134	112	9
134	102	0
134	134	11
134	134	20
134	136	100
134	134	76
134	134	17
134	134	107
134	134	0
134	134	0
134	143	0
134	143	0
134	128	0
134	143	0
134	102	0
134	111	0
134	102	0
134	115	0
134	112	0
134	113	8
134	134	0
134	130	0
134	128	0
134	128	0
134	130	0
134	131	0
134	138	22
134	130	0
134	131	0
134	139	8
134	144	42
134	144	0
134	138	0
134	144	0
134	139	45
134	144	21
134	134	0
134	134	0
134	134	0
134	134	0
134	134	0
134	134	0
134	134	0
134	134	44
134	134	0
134	134	0
134	134	0
134	134	18
134	134	0
134	134	0
134	134	28
134	134	0
134	134	15
134	134	0
134	134	0
134	134	132
134	134	18
134	134	0
134	134	0
134	134	0
134	134	0
134	134	0
134	134	0
134	134	0
135	111	0
135	111	0
135	102	0
135	102	0
135	102	0
135	103	0
135	102	0
135	143	0
135	112	0
135	102	0
135	134	0
135	135	0
135	133	61
135	135	0
135	135	0
135	133	0
135	133	0
135	135	0
135	143	0
135	143	0
135	128	0
135	143	0
135	102	0
135	111	0
135	102	0
135	115	0
135	112	0
135	113	0
135	133	0
135	130	0
135	128	0
135	128	0
135	130	0
135	131	0
135	138	0
135	130	0
135	131	0
135	138	0
135	139	0
135	139	0
135	138	0
135	144	0
135	139	87
135	144	104
135	144	0
135	134	0
135	144	0
135	135	0
135	135	0
135	135	0
135	135	0
135	135	0
135	134	0
135	135	0
135	134	0
135	134	0
135	134	0
135	134	0
135	134	0
135	134	0
135	134	0
135	134	0
135	134	0
135	134	0
135	134	0
135	134	0
135	134	0
135	134	0
135	134	0
135	134	0
135	134	0
135	134	0
136	111	95
136	111	24
136	102	0
136	102	29
136	102	0
136	103	0
136	103	0
136	143	0
136	112	34
136	102	0
135	134	0
136	135	95
136	133	282
136	135	76
136	135	0
136	133	232
136	133	0
136	135	0
136	143	0
136	143	0
136	128	0
136	143	19
136	102	0
136	111	0
136	102	0
136	115	0
136	112	0
136	113	0
136	135	21
136	130	0
136	128	0
136	128	38
136	130	36
136	131	0
136	138	70
136	130	0
136	131	0
136	138	0
136	139	88
136	139	0
136	138	36
136	144	27
136	139	136
136	144	312
136	144	96
135	134	0
136	144	0
136	135	0
136	135	0
136	135	0
136	135	0
136	135	0
136	134	71
136	135	0
135	134	0
135	134	39
135	134	0
135	134	0
135	134	57
135	134	72
135	134	19
135	134	0
135	134	0
135	134	148
135	134	43
135	134	0
135	134	0
135	134	0
136	134	0
135	134	0
135	134	0
135	134	0
137	102	0
137	111	0
137	102	0
137	102	0
137	102	0
137	103	0
137	103	30
137	143	0
137	112	0
137	102	0
137	134	0
137	132	16
137	133	100
137	132	0
137	132	0
137	133	69
137	133	0
137	133	0
137	143	24
137	143	0
137	130	0
137	143	0
137	102	0
137	111	0
137	103	0
137	112	0
137	112	0
137	113	0
137	114	0
137	130	0
137	128	0
137	130	0
137	130	0
137	131	0
137	138	12
137	130	0
137	131	0
137	138	0
137	139	0
137	138	0
137	138	0
137	144	0
137	138	11
137	144	90
137	144	106
137	144	0
137	144	0
137	133	0
137	133	7
137	133	14
137	133	0
137	133	0
137	132	0
137	133	0
137	136	0
137	134	0
137	134	0
137	134	0
137	134	25
137	134	0
137	134	0
137	136	0
137	134	0
137	134	36
137	134	0
137	134	0
137	134	0
137	134	0
137	132	0
137	134	0
137	134	0
137	134	0
138	102	0
138	111	0
138	102	0
138	103	0
138	102	0
138	143	0
138	143	0
138	143	21
138	112	11
138	102	0
138	132	0
138	132	0
138	133	31
138	132	0
138	133	0
138	132	36
138	108	0
138	132	0
138	143	0
138	128	0
138	131	0
138	143	0
138	103	0
138	102	0
138	143	0
138	112	0
138	111	0
138	113	0
138	113	0
138	131	0
138	128	0
138	131	23
138	131	0
138	138	0
138	138	0
138	131	0
138	131	0
138	138	0
138	138	73
138	138	0
138	138	0
138	139	0
138	138	84
138	144	18
138	144	10
138	144	0
138	144	0
138	114	0
138	133	0
138	114	0
138	132	0
138	132	0
138	133	0
138	133	0
138	132	0
138	134	0
138	134	0
138	144	0
138	134	19
138	132	0
138	134	0
138	132	0
138	132	0
138	134	14
138	134	0
138	134	0
138	134	0
138	132	0
138	133	0
138	132	0
138	134	0
138	134	0
139	102	0
139	111	0
139	102	0
139	103	0
139	102	0
139	103	0
139	143	0
139	143	0
139	112	0
139	102	0
139	134	0
139	135	0
139	133	0
139	135	0
139	136	0
139	133	0
139	133	0
139	133	0
139	143	0
139	128	0
139	131	0
139	143	0
139	103	0
139	102	0
139	143	0
139	112	0
139	111	0
139	113	0
139	114	0
139	131	0
139	131	0
139	131	0
139	131	0
139	139	0
139	139	0
139	131	0
139	139	0
139	139	0
139	139	0
139	139	0
139	139	0
139	144	19
139	139	14
139	144	37
139	144	12
139	144	0
139	144	0
139	133	0
139	136	0
139	133	0
139	133	0
139	133	0
139	134	0
139	136	0
139	134	0
139	134	0
139	134	0
139	144	0
139	134	0
139	134	0
139	134	0
139	134	0
139	134	0
139	134	0
139	134	0
139	134	0
139	134	0
139	134	0
139	134	0
139	134	0
139	144	0
139	134	0
142	102	27
142	102	142
142	143	0
142	143	40
142	143	0
142	143	0
142	143	111
142	143	209
142	102	94
142	143	0
142	119	0
142	136	0
142	108	22
142	108	0
142	108	27
142	108	17
142	118	0
142	118	0
142	143	0
142	143	0
142	143	20
142	143	61
142	143	0
142	143	33
142	143	80
142	143	0
142	143	0
142	102	0
142	102	18
142	143	0
142	143	0
142	143	23
142	128	105
142	128	20
142	128	0
142	128	242
142	128	34
142	128	42
142	128	12
142	128	0
142	128	0
142	138	0
142	138	13
142	144	56
142	144	0
142	134	0
142	138	0
142	112	0
142	113	0
142	113	0
142	113	0
142	114	0
142	118	0
142	114	14
142	118	0
142	119	0
142	136	0
142	134	0
142	108	0
142	108	0
142	108	23
142	108	0
142	108	0
142	108	0
142	108	0
142	108	0
142	108	0
142	118	0
142	114	0
142	118	0
142	136	0
142	108	0
143	102	0
143	103	97
143	143	0
143	143	123
143	143	0
143	143	13
143	143	23
143	143	86
143	103	0
143	143	0
143	119	0
143	136	0
143	108	0
143	108	0
143	108	0
143	108	0
143	118	0
143	118	46
143	143	0
143	143	0
143	143	0
143	143	0
143	143	0
143	143	0
143	143	0
143	143	0
143	143	46
143	103	0
143	103	0
143	143	0
143	143	31
143	143	49
143	128	0
143	128	0
143	128	0
143	128	0
143	128	0
143	128	0
143	128	0
143	128	0
143	128	0
143	138	0
143	138	0
143	144	0
143	144	0
143	134	0
143	138	0
143	102	0
143	113	0
143	113	21
143	113	0
143	114	0
143	118	30
143	114	0
143	118	0
143	119	0
143	136	0
143	134	0
143	108	0
143	108	0
143	108	0
143	108	0
143	108	0
143	108	19
143	108	0
143	108	0
143	108	0
143	118	0
143	114	0
143	114	0
143	119	0
143	108	0
144	102	0
144	111	12
144	102	0
144	102	0
144	102	0
144	103	0
144	103	0
144	143	0
144	112	0
144	102	0
144	134	0
144	136	0
144	133	0
144	134	6
144	136	0
144	133	23
144	133	0
144	136	0
144	143	0
144	143	0
144	131	6
144	143	0
144	102	0
144	111	0
144	103	0
144	112	34
144	112	0
144	113	0
144	136	0
144	131	0
144	128	0
144	131	0
144	131	0
144	139	0
144	139	0
144	131	0
144	139	0
144	144	25
144	144	13
144	144	0
144	139	0
144	144	10
144	139	39
144	144	76
144	144	9
144	144	0
144	144	0
144	136	0
144	134	0
144	136	0
144	136	0
144	136	0
144	134	0
144	134	0
144	134	0
144	134	0
144	134	0
144	144	0
144	134	0
144	134	0
144	134	0
144	134	0
144	134	0
144	134	17
144	134	0
144	134	0
144	134	0
144	134	0
144	134	0
144	134	0
144	144	0
144	144	0
102	101	298
102	102	305
102	103	0
102	104	44
102	105	100
111	106	64
111	107	81
111	108	91
111	109	43
111	110	12
111	111	76
111	112	28
112	113	31
111	114	0
111	115	16
111	116	64
111	117	0
111	118	22
111	119	222
111	120	0
111	121	0
102	122	78
102	123	0
102	124	13
102	125	0
102	126	0
102	128	0
102	129	0
102	130	0
102	131	0
111	132	0
111	133	0
111	134	0
111	135	0
111	136	0
102	137	0
102	138	0
102	139	0
102	142	11
102	143	46
102	144	0
102	101	569
102	102	454
102	103	194
102	104	24
111	105	378
111	106	99
111	107	87
111	108	130
111	109	74
111	110	279
111	111	325
112	112	122
115	113	92
112	114	0
112	115	103
112	116	315
112	117	165
112	118	97
111	119	161
111	120	37
111	121	28
102	122	28
102	123	0
102	124	0
102	125	0
102	126	15
102	128	75
102	129	33
111	130	62
111	131	62
111	132	0
111	133	0
111	134	0
111	135	0
111	136	0
111	137	0
111	138	0
111	139	0
102	142	31
103	143	166
111	144	23
102	101	236
102	102	165
103	103	44
102	104	47
102	105	128
102	106	42
102	107	92
102	108	57
111	109	30
111	110	24
111	111	124
112	112	49
115	113	0
112	114	23
112	115	0
111	116	51
111	117	0
111	118	0
102	119	99
102	120	0
102	121	19
102	122	0
102	123	0
102	124	0
102	125	0
102	126	0
143	128	83
102	129	21
102	130	84
102	131	49
102	132	0
102	133	0
102	134	0
102	135	0
102	136	40
102	137	0
102	138	0
102	139	0
143	142	113
143	143	31
102	144	0
102	101	320
102	102	242
103	103	98
103	104	0
102	105	42
102	106	82
102	107	92
102	108	18
102	109	34
102	110	27
102	111	86
111	112	29
112	113	0
111	114	23
111	115	20
111	116	0
102	117	55
102	118	12
102	119	141
102	120	0
102	121	12
102	122	0
102	123	0
102	124	0
103	125	31
103	126	0
143	128	14
103	129	0
102	130	28
102	131	16
102	132	0
102	133	0
102	134	0
102	135	0
102	136	26
102	137	0
103	138	0
103	139	0
143	142	0
143	143	75
102	144	9
102	101	52
102	102	34
103	103	0
102	104	0
102	105	18
102	106	46
102	107	0
102	108	0
102	109	0
102	110	0
111	111	0
111	112	0
112	113	0
111	114	0
112	115	0
111	116	25
102	117	0
102	118	22
102	119	0
102	120	23
102	121	0
102	122	15
102	123	0
102	124	0
102	125	0
103	126	0
143	128	26
102	129	20
102	130	0
102	131	0
102	132	0
102	133	0
102	134	0
102	135	0
102	136	0
102	137	0
102	138	0
102	139	0
143	142	0
143	143	0
102	144	0
102	101	160
102	102	174
103	103	171
103	104	34
102	105	45
102	106	18
102	107	10
102	108	68
102	109	38
102	110	37
111	111	83
112	112	53
115	113	0
112	114	0
112	115	0
111	116	36
111	117	28
102	118	40
102	119	73
102	120	0
102	121	24
103	122	15
103	123	0
103	124	0
143	125	0
143	126	0
143	128	16
143	129	0
103	130	72
103	131	28
102	132	0
102	133	0
102	134	0
103	135	0
103	136	0
103	137	0
143	138	0
103	139	0
143	142	79
143	143	0
103	144	0
102	101	1 032
102	102	795
143	103	357
143	104	121
102	105	362
102	106	260
102	107	234
102	108	110
111	109	132
111	110	228
111	111	334
112	112	215
113	113	48
112	114	62
112	115	83
112	116	58
111	117	101
111	118	88
102	119	252
102	120	34
102	121	0
103	122	45
103	123	0
103	124	0
143	125	0
143	126	0
143	128	116
143	129	51
143	130	174
143	131	0
102	132	0
102	133	0
102	134	0
102	135	0
103	136	44
103	137	0
143	138	0
143	139	0
143	142	298
143	143	149
103	144	37
103	101	1 451
102	102	697
143	103	37
143	104	186
143	105	430
102	106	211
103	107	60
103	108	130
102	109	22
102	110	274
111	111	209
111	112	169
115	113	45
111	114	22
112	115	0
111	116	22
102	117	90
102	118	35
143	119	1 000
143	120	128
103	121	16
143	122	33
143	123	0
143	124	84
143	125	0
143	126	0
143	128	153
143	129	177
143	130	104
143	131	52
143	132	0
143	133	0
143	134	0
143	135	0
143	136	20
143	137	0
143	138	0
143	139	0
143	142	238
143	143	376
143	144	27
102	101	708
102	102	401
102	103	61
102	104	39
111	105	234
112	106	151
112	107	215
112	108	93
112	109	73
112	110	209
112	111	223
112	112	367
113	113	110
115	114	74
115	115	0
112	116	349
112	117	29
112	118	24
112	119	205
112	120	0
112	121	0
102	122	49
111	123	0
111	124	0
102	125	0
102	126	0
102	128	30
111	129	0
112	130	69
112	131	60
112	132	27
112	133	0
112	134	0
112	135	0
112	136	26
112	137	0
112	138	0
112	139	0
102	142	92
103	143	84
112	144	23
102	101	634
102	102	196
103	103	134
103	104	40
102	105	49
111	106	51
111	107	57
111	108	89
111	109	0
111	110	78
111	111	46
112	112	15
113	113	14
115	114	0
115	115	28
112	116	24
112	117	0
112	118	0
102	119	100
102	120	0
102	121	25
102	122	43
102	123	0
102	124	0
103	125	0
103	126	0
143	128	24
103	129	20
102	130	11
102	131	32
102	132	0
102	133	0
102	134	0
102	135	0
102	136	23
102	137	0
102	138	0
102	139	0
143	142	17
143	143	76
102	144	25
119	101	269
119	102	54
119	103	38
119	104	103
119	105	225
108	106	38
108	107	144
108	108	350
108	109	42
108	110	157
108	111	50
108	112	21
118	113	33
118	114	56
118	115	0
118	116	117
108	117	12
118	118	127
119	119	817
119	120	53
119	121	0
119	122	0
119	123	33
119	124	32
119	125	29
136	126	0
136	128	181
136	129	79
133	130	326
132	131	126
132	132	52
133	133	0
134	134	15
134	135	0
134	135	28
134	137	86
132	138	0
134	139	38
119	142	51
119	143	0
134	144	0
119	101	401
119	102	222
119	103	29
136	104	122
119	105	284
119	106	75
108	107	252
108	108	624
108	109	90
108	110	46
108	111	23
108	112	86
118	113	24
118	114	31
108	115	107
108	116	124
108	117	53
118	118	31
136	119	1 459
119	120	94
119	121	0
119	122	32
136	123	0
136	124	0
136	125	0
136	126	0
136	128	90
132	129	194
133	130	401
132	131	200
132	132	32
133	133	31
134	134	0
135	135	0
135	136	148
132	137	209
132	138	0
135	139	36
136	142	20
136	143	17
136	144	61
108	101	833
108	102	407
108	103	57
108	104	380
108	105	888
108	106	209
108	107	432
108	108	1 759
108	109	340
108	110	254
108	111	109
108	112	99
118	113	130
118	114	89
108	115	145
108	116	302
108	117	165
118	118	80
108	119	2 407
108	120	181
108	121	0
108	122	89
108	123	0
108	124	0
108	125	0
108	126	0
108	128	54
108	129	251
108	130	635
132	131	522
133	132	79
133	133	0
136	134	0
133	135	0
133	136	173
133	137	0
133	138	0
133	139	0
108	142	39
108	143	191
133	144	122
108	101	475
108	102	214
108	103	0
108	104	76
108	105	477
108	106	116
108	107	370
108	108	1 050
108	109	316
108	110	244
108	111	85
118	112	156
114	113	0
114	114	52
118	115	18
118	116	251
118	117	124
118	118	348
108	119	1 823
108	120	149
108	121	61
108	122	32
108	123	31
108	124	0
108	125	0
108	126	0
108	128	67
108	129	227
119	130	431
133	131	244
133	132	39
133	133	0
134	134	0
135	135	0
135	136	27
132	137	40
132	138	24
135	139	0
108	142	33
108	143	105
134	144	0
108	101	480
118	102	179
108	103	74
108	104	109
108	105	241
118	106	160
108	107	367
108	108	974
118	109	214
118	110	292
118	111	237
118	112	76
114	113	39
114	114	125
114	115	37
118	116	340
118	117	220
118	118	343
108	119	922
108	120	190
108	121	60
108	122	38
108	123	0
108	124	0
108	125	0
108	126	0
108	128	0
108	129	63
108	130	122
132	131	189
133	132	23
133	133	0
134	134	0
135	135	0
135	136	62
132	137	33
133	138	26
136	139	0
108	142	54
108	143	19
136	144	26
108	101	584
108	102	210
108	103	56
108	104	134
108	105	539
108	106	152
108	107	470
108	108	1 561
108	109	402
108	110	392
108	111	118
108	112	117
118	113	51
118	114	196
118	115	28
118	116	264
108	117	89
118	118	430
108	119	1 583
108	120	75
108	121	15
108	122	30
108	123	0
108	124	0
108	125	86
108	126	0
108	128	65
108	129	110
108	130	342
108	131	200
133	132	33
133	133	34
134	134	32
133	135	0
133	136	32
133	137	0
132	138	0
133	139	0
108	142	64
108	143	0
133	144	68
118	101	280
118	102	96
118	103	27
108	104	19
118	105	24
118	106	109
118	107	275
108	108	580
118	109	105
118	110	167
118	111	112
118	112	64
118	113	67
118	114	83
118	115	25
118	116	229
118	117	192
118	118	398
108	119	527
108	120	30
118	121	0
118	122	0
108	123	0
108	124	0
108	125	0
108	126	0
118	128	50
108	129	0
108	130	26
108	131	0
133	132	0
133	133	0
134	134	0
133	135	0
133	136	19
133	137	0
108	138	0
133	139	0
118	142	0
118	143	0
133	144	0
118	101	147
114	102	256
118	103	27
118	104	60
118	105	183
118	106	68
118	107	236
108	108	321
118	109	314
114	110	146
114	111	66
114	112	345
114	113	65
114	114	63
114	115	55
114	116	298
114	117	402
118	118	457
108	119	524
118	120	69
118	121	107
118	122	34
118	123	0
118	124	26
118	125	0
118	126	0
118	128	25
118	129	0
108	130	56
108	131	46
133	132	0
133	133	0
134	134	0
135	135	0
135	136	0
133	137	0
132	138	0
133	139	0
118	142	0
118	143	23
136	144	0
102	101	34
102	102	11
143	103	23
143	104	7
102	105	0
102	106	15
102	107	0
102	108	12
111	109	0
111	110	19
111	111	18
112	112	9
113	113	0
115	114	20
115	115	13
112	116	38
112	117	0
112	118	11
103	119	28
102	120	0
102	121	0
103	122	0
143	123	0
143	124	9
143	125	0
143	126	0
143	128	0
143	129	0
143	130	23
143	131	15
143	132	0
103	133	0
143	134	0
143	135	0
143	136	0
143	137	0
143	138	0
143	139	0
143	142	7
143	143	16
143	144	0
102	101	26
102	102	24
143	103	45
143	104	7
102	105	13
102	106	8
102	107	0
102	108	0
111	109	0
111	110	7
111	111	9
112	112	16
113	113	0
115	114	0
115	115	12
112	116	0
112	117	46
112	118	0
103	119	17
102	120	9
102	121	0
103	122	0
143	123	0
143	124	0
143	125	0
143	126	0
143	128	8
143	129	0
143	130	0
143	131	7
143	132	0
143	133	0
143	134	0
143	135	0
143	136	0
143	137	0
128	138	0
128	139	0
143	142	0
143	143	0
143	144	0
103	101	486
102	102	288
143	103	211
143	104	69
143	105	158
103	106	54
103	107	69
143	108	52
102	109	35
102	110	88
111	111	203
112	112	32
113	113	21
112	114	66
112	115	0
111	116	0
102	117	58
102	118	39
143	119	246
143	120	32
143	121	0
143	122	19
143	123	0
142	124	0
128	125	0
128	126	0
128	128	227
128	129	59
128	130	0
130	131	39
128	132	0
128	133	0
128	134	0
128	135	0
128	136	15
130	137	0
131	138	0
131	139	19
143	142	140
143	143	28
131	144	47
102	101	536
102	102	342
143	103	166
143	104	32
102	105	84
102	106	106
102	107	27
102	108	0
102	109	52
111	110	146
111	111	156
112	112	56
113	113	0
112	114	0
112	115	57
112	116	58
111	117	0
111	118	0
143	119	91
102	120	0
102	121	0
143	122	33
143	123	0
143	124	0
143	125	0
143	126	0
143	128	67
143	129	0
143	130	70
143	131	23
143	132	0
143	133	0
143	134	0
143	135	0
143	136	0
143	137	0
143	138	0
143	139	0
143	142	13
143	143	43
143	144	15
102	101	195
102	102	99
103	103	54
103	104	52
102	105	27
111	106	102
111	107	37
111	108	30
111	109	20
111	110	25
111	111	61
112	112	26
113	113	17
115	114	8
115	115	0
112	116	0
112	117	16
112	118	0
102	119	40
102	120	13
102	121	14
102	122	9
102	123	0
103	124	0
143	125	0
143	126	0
143	128	12
143	129	0
103	130	59
103	131	0
102	132	0
102	133	0
102	134	0
102	135	0
102	136	11
102	137	0
103	138	0
103	139	0
143	142	9
143	143	45
102	144	0
102	101	106
102	102	120
103	103	0
102	104	0
102	105	41
111	106	33
111	107	60
112	108	71
112	109	46
112	110	58
111	111	28
112	112	103
113	113	0
113	114	32
115	115	61
112	116	29
112	117	49
112	118	0
111	119	68
111	120	0
111	121	0
102	122	0
102	123	0
102	124	0
102	125	0
103	126	0
143	128	0
102	129	0
102	130	36
102	131	0
111	132	0
111	133	0
111	134	0
111	135	0
111	136	0
111	137	0
102	138	0
102	139	0
143	142	20
143	143	25
111	144	0
102	101	209
102	102	330
143	103	132
103	104	45
102	105	55
111	106	48
111	107	33
111	108	29
112	109	0
111	110	96
111	111	54
112	112	65
113	113	65
113	114	0
115	115	101
112	116	35
112	117	0
112	118	0
102	119	104
102	120	0
102	121	0
102	122	19
102	123	0
103	124	0
143	125	44
143	126	0
143	128	0
143	129	0
103	130	35
103	131	0
102	132	0
102	133	0
102	134	0
102	135	0
102	136	0
103	137	0
143	138	0
143	139	0
143	142	18
143	143	0
103	144	0
102	101	0
102	102	57
102	103	0
102	104	0
111	105	44
112	106	0
112	107	0
115	108	0
112	109	0
112	110	0
112	111	0
112	112	20
113	113	0
113	114	0
113	115	0
113	116	11
115	117	21
113	118	0
112	119	15
112	120	0
112	121	0
102	122	0
111	123	0
111	124	0
102	125	0
102	126	0
143	128	0
111	129	0
112	130	0
112	131	0
112	132	12
115	133	0
115	134	0
115	135	0
115	136	0
112	137	0
112	138	0
112	139	0
143	142	0
143	143	0
112	144	0
102	101	483
102	102	195
102	103	62
102	104	25
111	105	0
111	106	35
112	107	45
112	108	146
112	109	21
112	110	216
111	111	116
112	112	311
113	113	31
113	114	27
115	115	35
115	116	122
112	117	19
115	118	40
112	119	82
112	120	0
111	121	0
102	122	19
111	123	0
111	124	0
102	125	0
102	126	0
143	128	46
102	129	0
111	130	0
111	131	0
112	132	0
112	133	0
112	134	0
112	135	0
112	136	0
112	137	0
111	138	0
111	139	0
143	142	0
143	143	118
112	144	0
112	101	269
102	102	256
102	103	0
112	104	0
112	105	59
112	106	88
113	107	82
113	108	89
113	109	44
115	110	184
112	111	407
115	112	357
113	113	27
113	114	27
113	115	30
113	116	41
113	117	92
113	118	31
113	119	104
113	120	0
115	121	0
112	122	26
112	123	0
115	124	0
112	125	0
112	126	0
102	128	33
115	129	0
113	130	13
113	131	25
113	132	0
113	133	0
113	134	0
113	135	0
113	136	0
113	137	0
113	138	0
113	139	0
102	142	31
103	143	0
113	144	0
112	101	34
102	102	14
102	103	20
112	104	99
113	105	66
115	106	0
113	107	27
113	108	0
113	109	0
113	110	0
112	111	13
115	112	26
113	113	0
113	114	0
113	115	0
113	116	84
113	117	0
113	118	0
113	119	0
113	120	0
113	121	0
112	122	0
113	123	0
113	124	0
112	125	0
112	126	0
102	128	0
113	129	0
113	130	0
113	131	0
114	132	0
114	133	0
134	134	0
133	135	0
135	136	0
114	137	0
113	138	0
114	139	0
102	142	0
103	143	0
136	144	0
143	101	45
143	102	31
143	103	42
128	104	0
143	105	0
143	106	0
143	107	24
128	108	0
143	109	0
143	110	0
102	111	0
111	112	101
112	113	0
102	114	0
111	115	0
143	116	70
143	117	48
143	118	32
128	119	62
128	120	0
143	121	0
143	122	0
128	123	0
128	124	24
128	125	0
128	126	0
128	128	20
128	129	0
129	130	0
130	131	0
129	132	0
128	133	0
130	134	0
130	135	0
130	136	0
130	137	0
131	138	21
131	139	0
143	142	0
143	143	41
131	144	42
143	101	284
103	102	105
143	103	228
143	104	25
143	105	77
143	106	18
143	107	19
143	108	46
143	109	42
102	110	0
102	111	62
111	112	15
115	113	21
111	114	0
112	115	0
111	116	83
102	117	19
103	118	28
143	119	279
143	120	16
143	121	58
143	122	9
143	123	0
143	124	0
142	125	0
128	126	29
128	128	23
128	129	0
128	130	56
128	131	0
103	132	0
143	133	0
128	134	0
128	135	0
128	136	0
128	137	0
128	138	0
131	139	0
143	142	27
143	143	80
128	144	0
143	101	543
143	102	255
143	103	34
142	104	43
143	105	95
143	106	37
143	107	57
143	108	24
143	109	0
143	110	95
143	111	124
102	112	26
112	113	0
143	114	0
111	115	0
143	116	0
143	117	33
143	118	0
128	119	224
142	120	57
143	121	0
143	122	0
142	123	0
128	124	0
128	125	0
128	126	24
128	128	111
128	129	82
128	130	80
130	131	0
128	132	66
128	133	0
128	134	0
128	135	0
128	136	17
130	137	0
131	138	0
131	139	0
143	142	33
143	143	50
131	144	0
128	101	366
128	102	225
128	103	298
128	104	91
128	105	178
128	106	49
128	107	30
128	108	0
128	109	78
128	110	22
128	111	60
128	112	127
128	113	25
128	114	25
128	115	0
128	116	0
128	117	104
128	118	43
128	119	403
128	120	46
128	121	56
128	122	45
128	123	0
128	124	16
128	125	16
128	126	0
128	128	825
128	129	293
129	130	255
130	131	0
129	132	0
129	133	0
130	134	0
130	135	0
130	136	0
130	137	20
131	138	50
131	139	30
128	142	174
128	143	54
131	144	25
128	101	126
128	102	57
128	103	15
128	104	75
128	105	62
128	106	11
129	107	11
129	108	36
129	109	24
128	110	14
128	111	41
128	112	10
128	113	24
129	114	0
128	115	0
128	116	17
129	117	0
129	118	0
129	119	163
129	120	0
128	121	36
128	122	20
129	123	0
129	124	0
129	125	0
129	126	0
128	128	267
129	129	88
130	130	83
131	131	46
131	132	11
130	133	0
131	134	0
131	135	0
131	136	15
131	137	0
138	138	0
139	139	0
128	142	114
128	143	30
139	144	0
129	101	323
129	102	269
128	103	235
129	104	165
129	105	287
129	106	90
130	107	75
130	108	19
130	109	76
129	110	80
129	111	245
129	112	62
130	113	0
130	114	0
130	115	39
130	116	22
130	117	0
130	118	0
130	119	800
130	120	104
129	121	0
129	122	64
129	123	0
129	124	83
129	125	0
129	126	0
128	128	767
129	129	421
130	130	314
131	131	165
131	132	0
131	133	0
138	134	0
138	135	0
138	136	36
138	137	40
138	138	0
139	139	0
128	142	114
128	143	37
139	144	76
128	101	0
128	102	0
128	103	0
128	104	0
129	105	0
128	106	0
129	107	0
129	108	0
129	109	0
128	110	0
128	111	0
128	112	0
128	113	0
129	114	0
128	115	0
129	116	0
129	117	0
129	118	0
129	119	0
129	120	0
129	121	0
128	122	0
129	123	0
129	124	0
129	125	0
129	126	0
128	128	0
129	129	0
130	130	0
130	131	0
130	132	0
129	133	0
130	134	0
130	135	0
130	136	0
130	137	0
131	138	0
131	139	0
128	142	34
128	143	0
131	144	0
128	101	70
128	102	66
128	103	75
128	104	0
128	105	60
128	106	12
128	107	9
128	108	12
128	109	23
128	110	51
128	111	16
143	112	21
112	113	0
128	114	14
143	115	0
128	116	30
128	117	0
128	118	0
128	119	84
128	120	0
128	121	0
128	122	0
128	123	0
128	124	0
128	125	0
128	126	0
128	128	125
129	129	55
130	130	14
131	131	20
130	132	0
130	133	0
131	134	0
131	135	0
131	136	0
131	137	0
131	138	15
139	139	0
128	142	76
128	143	28
139	144	36
129	101	74
129	102	46
128	103	9
129	104	19
130	105	0
130	106	21
130	107	0
131	108	20
130	109	0
130	110	13
129	111	10
130	112	21
130	113	0
131	114	0
130	115	0
130	116	13
130	117	13
131	118	0
131	119	157
130	120	0
130	121	0
129	122	0
130	123	0
130	124	0
129	125	0
129	126	0
128	128	49
130	129	25
131	130	0
138	131	0
138	132	0
138	133	0
139	134	10
138	135	0
138	136	0
138	137	0
138	138	0
139	139	0
128	142	14
128	143	26
144	144	0
130	101	25
130	102	49
129	103	82
130	104	0
138	105	22
138	106	0
138	107	32
138	108	19
138	109	0
138	110	91
138	111	0
138	112	0
138	113	0
138	114	0
138	115	0
138	116	45
138	117	0
138	118	0
138	119	50
138	120	0
138	121	0
130	122	20
138	123	0
138	124	0
130	125	0
129	126	0
128	128	0
130	129	0
138	130	100
138	131	316
139	132	99
139	133	0
144	134	43
139	135	0
139	136	0
139	137	27
138	138	0
139	139	43
128	142	0
128	143	0
144	144	122
129	101	0
129	102	12
128	103	0
129	104	0
130	105	0
130	106	0
130	107	0
138	108	0
131	109	12
130	110	0
130	111	0
130	112	0
131	113	0
138	114	0
131	115	0
131	116	0
138	117	0
138	118	0
138	119	28
130	120	0
130	121	0
129	122	0
130	123	0
130	124	0
129	125	0
129	126	0
128	128	10
130	129	0
138	130	0
138	131	36
138	132	0
138	133	0
144	134	0
139	135	0
139	136	0
138	137	0
138	138	0
139	139	0
128	142	0
128	143	0
144	144	0
128	101	115
128	102	0
128	103	115
128	104	0
129	105	26
128	106	0
129	107	0
129	108	0
129	109	42
128	110	0
128	111	0
128	112	0
128	113	0
129	114	0
128	115	0
129	116	0
129	117	0
129	118	0
129	119	21
129	120	0
129	121	0
128	122	0
129	123	0
129	124	0
129	125	0
129	126	0
128	128	26
129	129	0
130	130	23
131	131	0
131	132	0
131	133	0
138	134	0
138	135	0
138	136	0
138	137	0
138	138	0
139	139	0
128	142	25
128	143	0
139	144	0
138	101	124
138	102	18
138	103	0
138	104	42
139	105	0
144	106	35
144	107	26
144	108	0
144	109	27
144	110	28
144	111	18
144	112	0
144	113	0
144	114	0
144	115	0
144	116	0
144	117	0
144	118	0
144	119	468
144	120	0
144	121	0
138	122	10
138	123	0
138	124	0
138	125	0
138	126	0
138	128	33
138	129	46
138	130	161
139	131	383
144	132	78
144	133	33
144	134	0
144	135	17
144	136	50
144	137	61
139	138	36
144	139	134
138	142	18
138	143	0
144	144	224
138	101	247
138	102	201
138	103	90
138	104	64
138	105	371
138	106	28
138	107	189
138	108	75
138	109	0
138	110	0
138	111	84
138	112	57
138	113	0
138	114	32
138	115	21
138	116	35
138	117	15
138	118	0
138	119	1 373
138	120	92
138	121	39
138	122	52
138	123	0
138	124	39
138	125	71
138	126	0
138	128	118
138	129	427
138	130	659
138	131	987
138	132	113
138	133	0
139	134	111
139	135	94
139	136	239
138	137	420
138	138	224
139	139	273
138	142	36
138	143	100
139	144	776
144	101	252
144	102	189
144	103	16
144	104	37
144	105	434
144	106	61
144	107	25
144	108	135
144	109	41
144	110	90
144	111	150
144	112	0
144	113	20
144	114	0
144	115	0
144	116	99
144	117	68
144	118	0
144	119	1 069
144	120	130
144	121	0
144	122	33
144	123	0
144	124	0
144	125	0
144	126	0
144	128	79
144	129	316
144	130	690
144	131	1 023
144	132	141
144	133	38
144	134	12
144	135	63
144	136	259
144	137	248
144	138	62
144	139	144
144	142	23
144	143	104
144	144	658
144	101	95
144	102	61
144	103	15
144	104	32
144	105	135
144	106	0
144	107	36
134	108	72
134	109	26
134	110	0
144	111	0
134	112	0
134	113	26
134	114	0
134	115	16
134	116	15
134	117	25
134	118	27
144	119	741
144	120	59
144	121	0
144	122	41
144	123	58
144	124	0
144	125	80
144	126	0
144	128	133
144	129	149
144	130	297
144	131	485
144	132	147
134	133	0
134	134	0
144	135	0
144	136	73
144	137	150
144	138	0
144	139	78
144	142	0
144	143	21
144	144	618
134	101	18
134	102	25
134	103	0
134	104	18
134	105	41
134	106	0
134	107	9
134	108	21
108	109	11
108	110	0
134	111	18
108	112	0
114	113	0
114	114	0
118	115	0
118	116	0
108	117	34
118	118	11
134	119	55
134	120	0
134	121	0
134	122	0
134	123	0
134	124	0
134	125	0
144	126	0
144	128	27
144	129	34
144	130	55
144	131	93
134	132	0
134	133	0
134	134	0
134	135	10
134	135	25
144	137	11
144	138	0
144	139	55
134	142	16
134	143	0
144	144	96
144	101	58
144	102	82
144	103	0
144	104	34
144	105	0
144	106	27
144	107	0
144	108	25
144	109	0
144	110	13
144	111	0
144	112	0
134	113	0
134	114	22
144	115	0
144	116	0
144	117	0
134	118	0
144	119	126
144	120	0
144	121	0
144	122	0
144	123	0
144	124	0
144	125	16
139	126	0
138	128	16
144	129	68
144	130	105
144	131	200
144	132	0
144	133	0
134	134	31
144	135	0
144	136	32
144	137	32
144	138	0
144	139	19
138	142	0
138	143	0
144	144	103
112	101	80
112	102	72
112	103	0
113	104	11
113	105	14
113	106	35
113	107	41
114	108	73
113	109	62
113	110	41
113	111	32
113	112	79
113	113	174
114	114	85
113	115	100
113	116	110
113	117	53
114	118	0
114	119	20
113	120	0
113	121	0
113	122	0
113	123	0
113	124	0
113	125	9
113	126	0
112	128	0
113	129	0
114	130	0
114	131	30
133	132	0
133	133	0
134	134	0
135	135	0
135	136	0
133	137	0
114	138	0
133	139	0
112	142	28
102	143	0
136	144	0
113	101	91
113	102	25
113	103	0
114	104	0
114	105	141
113	106	51
114	107	38
118	108	88
114	109	47
113	110	20
113	111	46
113	112	68
113	113	99
114	114	94
113	115	67
114	116	27
114	117	65
114	118	30
108	119	0
114	120	0
114	121	0
113	122	0
114	123	0
114	124	0
114	125	0
114	126	0
113	128	0
114	129	0
108	130	23
108	131	0
133	132	0
133	133	0
134	134	0
135	135	0
135	136	0
133	137	0
133	138	0
136	139	0
113	142	0
113	143	0
134	144	0
113	101	683
113	102	549
113	103	0
113	104	139
113	105	153
113	106	101
114	107	493
114	108	665
114	109	288
113	110	560
113	111	416
113	112	967
113	113	981
114	114	595
113	115	360
113	116	1 384
114	117	799
114	118	181
114	119	538
114	120	36
113	121	52
113	122	0
113	123	0
114	124	24
113	125	0
113	126	0
113	128	93
114	129	102
114	130	35
114	131	77
133	132	0
133	133	0
134	134	0
135	135	0
135	136	0
133	137	0
114	138	0
133	139	0
113	142	38
113	143	31
136	144	0
113	101	27
113	102	163
113	103	0
113	104	0
113	105	74
113	106	70
114	107	52
114	108	71
114	109	33
113	110	327
113	111	124
113	112	442
113	113	242
114	114	149
113	115	257
113	116	203
114	117	90
114	118	14
114	119	56
114	120	0
113	121	0
113	122	0
114	123	0
114	124	0
113	125	86
113	126	0
113	128	0
114	129	0
114	130	38
108	131	0
133	132	0
133	133	0
134	134	0
135	135	0
135	136	0
133	137	0
132	138	0
133	139	0
113	142	0
113	143	0
136	144	0
114	101	396
114	102	188
114	103	158
114	104	48
114	105	116
114	106	92
114	107	203
114	108	269
114	109	231
114	110	372
114	111	293
114	112	131
114	113	407
114	114	170
114	115	66
114	116	500
114	117	251
114	118	273
114	119	145
114	120	15
114	121	0
114	122	30
114	123	0
114	124	0
114	125	0
114	126	0
114	128	38
114	129	14
114	130	50
108	131	34
133	132	0
133	133	0
134	134	0
135	135	0
135	136	0
133	137	0
132	138	0
133	139	0
114	142	22
114	143	0
136	144	0
118	101	521
118	102	153
118	103	45
108	104	15
108	105	186
118	106	174
118	107	308
108	108	541
118	109	149
118	110	121
118	111	198
114	112	268
114	113	325
114	114	260
114	115	126
114	116	447
118	117	137
118	118	292
108	119	564
108	120	40
118	121	38
109	122	0
108	123	0
108	124	0
108	125	30
108	126	0
108	128	21
108	129	22
108	130	132
132	131	87
133	132	0
133	133	0
134	134	0
134	135	0
134	136	26
132	137	54
133	138	0
134	139	0
118	142	33
118	143	0
134	144	116
114	101	210
114	102	242
114	103	0
114	104	90
114	105	68
114	106	76
114	107	153
108	108	353
114	109	167
114	110	251
114	111	95
114	112	312
114	113	228
114	114	327
114	115	89
114	116	434
114	117	193
118	118	148
108	119	529
118	120	22
114	121	0
114	122	0
118	123	0
118	124	0
118	125	0
118	126	0
114	128	94
118	129	0
108	130	77
119	131	33
133	132	0
133	133	0
134	134	0
135	135	0
135	136	118
133	137	0
133	138	0
136	139	0
114	142	0
114	143	0
134	144	0
118	101	61
118	102	53
118	103	0
108	104	17
108	105	124
118	106	0
118	107	118
108	108	106
118	109	72
118	110	230
114	111	47
114	112	143
114	113	75
114	114	41
114	115	33
114	116	253
118	117	18
118	118	58
108	119	180
108	120	0
118	121	0
118	122	0
108	123	0
108	124	0
108	125	0
108	126	0
108	128	0
108	129	0
108	130	48
133	131	0
133	132	0
133	133	0
134	134	0
134	135	0
134	135	17
136	137	0
132	138	0
134	139	45
118	142	0
118	143	0
134	144	40
119	101	96
119	102	36
119	103	32
119	104	37
119	105	214
108	106	25
108	107	126
108	108	248
108	109	152
108	110	0
108	111	50
108	112	46
114	113	22
114	114	41
118	115	0
118	116	150
108	117	24
118	118	98
119	119	878
119	120	35
119	121	0
119	122	28
119	123	0
136	124	0
136	125	0
136	126	0
136	128	29
136	129	156
136	130	390
134	131	0
136	132	66
136	133	0
134	134	0
134	135	0
134	135	20
134	137	104
134	138	0
134	139	28
119	142	18
119	143	0
134	144	28
119	101	76
119	102	45
119	103	0
136	104	10
119	105	56
119	106	15
108	107	5
108	108	89
108	109	0
108	110	0
108	111	0
108	112	23
118	113	12
118	114	37
118	115	0
118	116	20
108	117	0
118	118	0
136	119	318
119	120	22
119	121	0
119	122	18
136	123	0
136	124	0
136	125	0
136	126	0
136	128	0
136	129	0
134	130	50
134	131	28
134	132	16
136	133	0
134	134	0
134	135	0
134	135	43
134	137	21
134	138	0
134	139	0
136	142	9
136	143	0
134	144	23
134	101	249
134	102	40
134	103	18
134	104	53
134	105	101
134	106	22
134	107	165
108	108	247
108	109	159
108	110	0
134	111	17
108	112	0
118	113	0
114	114	0
118	115	0
118	116	79
108	117	0
118	118	93
134	119	810
134	120	41
134	121	0
134	122	41
134	123	0
134	124	38
134	125	0
134	126	0
134	128	22
134	129	79
134	130	97
134	131	60
134	132	65
134	133	0
134	134	0
134	135	0
134	135	52
134	137	0
144	138	0
144	139	0
134	142	46
134	143	0
144	144	0
108	101	169
108	102	115
108	103	46
108	104	51
108	105	40
108	106	30
108	107	110
108	108	282
108	109	30
108	110	64
108	111	83
118	112	15
114	113	45
114	114	42
118	115	33
118	116	79
118	117	17
118	118	75
108	119	749
108	120	0
108	121	0
108	122	0
108	123	0
108	124	0
108	125	34
108	126	0
108	128	49
108	129	24
132	130	157
132	131	111
132	132	0
133	133	0
134	134	0
134	135	0
134	135	31
134	137	44
134	138	0
134	139	0
108	142	41
108	143	0
134	144	0
108	101	186
108	102	37
108	103	52
108	104	15
108	105	40
108	106	114
108	107	12
108	108	239
108	109	43
108	110	56
108	111	64
118	112	15
114	113	93
114	114	33
114	115	0
118	116	65
118	117	0
118	118	0
108	119	173
108	120	32
108	121	0
108	122	0
108	123	0
108	124	0
108	125	0
108	126	0
108	128	0
108	129	0
132	130	126
133	131	40
132	132	0
133	133	0
134	134	0
134	135	0
134	135	29
134	137	0
132	138	0
134	139	0
108	142	0
108	143	0
134	144	88
108	101	88
108	102	177
108	103	34
108	104	29
108	105	154
108	106	50
108	107	235
108	108	528
118	109	26
118	110	156
118	111	121
118	112	125
114	113	64
114	114	0
114	115	0
118	116	157
118	117	83
118	118	169
108	119	1 189
108	120	0
108	121	0
108	122	0
108	123	0
108	124	34
108	125	0
108	126	0
108	128	68
108	129	17
132	130	350
133	131	83
132	132	0
133	133	0
134	134	0
134	135	0
134	135	20
134	137	0
134	138	0
134	139	0
108	142	0
108	143	0
134	144	0
108	101	94
108	102	78
108	103	26
108	104	26
108	105	95
108	106	18
108	107	156
108	108	467
118	109	111
118	110	145
118	111	69
118	112	0
114	113	120
114	114	74
114	115	0
118	116	62
118	117	77
118	118	112
108	119	681
108	120	30
108	121	28
108	122	0
108	123	0
108	124	0
108	125	51
108	126	0
108	128	0
108	129	32
108	130	179
133	131	115
133	132	45
133	133	0
134	134	0
134	135	0
134	135	46
136	137	0
132	138	0
134	139	0
108	142	0
108	143	0
134	144	20
118	101	13
118	102	8
108	103	46
108	104	0
108	105	0
118	106	12
108	107	11
108	108	78
118	109	53
118	110	39
118	111	21
114	112	16
114	113	51
114	114	87
114	115	9
114	116	39
118	117	0
118	118	23
108	119	83
108	120	12
108	121	0
108	122	0
108	123	0
108	124	0
108	125	0
108	126	0
108	128	0
108	129	0
119	130	7
133	131	0
133	132	11
133	133	0
134	134	0
134	135	0
134	135	0
134	137	0
132	138	0
134	139	0
108	142	0
108	143	0
134	144	0
108	101	234
108	102	210
108	103	27
108	104	0
108	105	59
108	106	58
108	107	72
108	108	262
108	109	0
108	110	108
108	111	60
118	112	25
114	113	46
114	114	47
118	115	0
118	116	77
118	117	146
118	118	132
108	119	481
108	120	16
108	121	0
108	122	0
108	123	0
108	124	0
136	125	0
136	126	0
136	128	0
136	129	0
136	130	147
134	131	166
134	132	0
136	133	0
134	134	0
134	135	0
134	135	13
134	137	0
134	138	0
134	139	0
108	142	0
108	143	0
134	144	58
108	101	78
108	102	81
108	103	37
108	104	0
108	105	48
108	106	0
108	107	154
108	108	96
118	109	54
118	110	31
118	111	28
118	112	24
114	113	0
114	114	24
114	115	0
114	116	146
118	117	84
118	118	0
108	119	339
108	120	17
108	121	0
108	122	28
108	123	0
108	124	55
108	125	0
108	126	0
108	128	65
136	129	0
133	130	112
136	131	17
136	132	0
133	133	0
134	134	0
134	135	0
134	135	30
134	137	0
134	138	0
134	139	0
108	142	0
108	143	0
134	144	0
108	101	19
108	102	69
108	103	0
108	104	0
108	105	31
108	106	9
108	107	13
108	108	23
108	109	21
108	110	0
108	111	25
118	112	27
114	113	20
114	114	0
114	115	0
118	116	12
118	117	67
118	118	19
108	119	115
108	120	14
108	121	0
108	122	0
108	123	0
108	124	0
108	125	0
108	126	0
108	128	0
136	129	67
136	130	14
134	131	28
136	132	0
136	133	0
134	134	0
134	135	0
134	135	0
134	137	0
134	138	0
134	139	0
108	142	0
108	143	0
134	144	0
118	101	172
118	102	50
108	103	39
108	104	14
108	105	43
118	106	0
108	107	61
108	108	85
118	109	35
118	110	24
118	111	24
114	112	21
114	113	0
114	114	18
114	115	65
114	116	53
118	117	0
118	118	95
108	119	198
108	120	36
108	121	0
108	122	0
108	123	0
108	124	0
108	125	0
108	126	0
108	128	0
108	129	14
136	130	44
136	131	0
136	132	0
133	133	0
134	134	0
134	135	0
134	135	54
134	137	0
134	138	0
134	139	0
108	142	19
108	143	0
134	144	0
118	101	50
114	102	79
118	103	0
108	104	0
118	105	141
118	106	41
118	107	64
108	108	175
118	109	75
114	110	161
114	111	0
114	112	127
114	113	152
114	114	63
114	115	76
114	116	245
114	117	132
118	118	109
108	119	48
108	120	0
118	121	0
118	122	0
108	123	0
108	124	0
108	125	0
108	126	0
108	128	0
108	129	19
108	130	23
133	131	0
133	132	25
133	133	0
134	134	0
134	135	0
134	135	0
134	137	0
132	138	0
134	139	0
118	142	0
118	143	0
134	144	0
114	101	28
114	102	16
114	103	0
114	104	0
114	105	0
114	106	0
114	107	8
108	108	41
114	109	0
114	110	28
114	111	0
113	112	23
113	113	0
114	114	7
113	115	0
114	116	50
114	117	0
118	118	42
108	119	61
118	120	0
114	121	0
114	122	0
118	123	0
118	124	0
118	125	0
118	126	0
114	128	0
108	129	0
108	130	0
132	131	0
133	132	0
133	133	0
134	134	0
134	135	0
134	136	0
132	137	0
133	138	0
134	139	0
114	142	7
114	143	6
134	144	0
114	101	0
114	102	0
114	103	0
118	104	0
118	105	29
114	106	0
118	107	38
108	108	72
118	109	0
114	110	0
114	111	26
114	112	49
114	113	41
114	114	0
114	115	0
114	116	13
114	117	8
118	118	0
108	119	17
108	120	0
118	121	0
118	122	0
108	123	0
108	124	0
108	125	0
108	126	0
118	128	0
108	129	0
108	130	0
133	131	0
133	132	0
133	133	0
134	134	0
134	135	0
134	135	0
134	137	0
132	138	0
134	139	0
118	142	0
114	143	0
134	144	0
119	101	15
108	102	20
119	103	0
136	104	31
119	105	85
108	106	0
108	107	27
108	108	82
108	109	21
108	110	0
108	111	0
118	112	0
114	113	0
114	114	0
114	115	0
118	116	0
118	117	0
118	118	0
119	119	87
119	120	13
119	121	0
119	122	0
119	123	0
136	124	0
136	125	0
136	126	0
134	128	35
134	129	44
134	130	42
134	131	19
134	132	0
136	133	27
134	134	0
134	135	0
134	135	0
134	137	0
134	138	0
144	139	0
136	142	0
119	143	0
144	144	0
108	101	267
108	102	79
108	103	0
108	104	0
108	105	47
108	106	99
108	107	64
108	108	61
118	109	0
118	110	110
118	111	0
118	112	0
114	113	34
114	114	0
114	115	0
114	116	53
118	117	0
118	118	0
108	119	59
108	120	46
108	121	0
108	122	0
108	123	0
108	124	61
108	125	0
108	126	0
108	128	12
136	129	21
136	130	0
134	131	37
136	132	0
136	133	0
134	134	0
134	135	0
134	135	0
134	137	0
134	138	0
134	139	0
108	142	0
108	143	0
144	144	12

