$O;D2
* From-Time To-Time
5.00 9.00
* Factor
1
*
* some
* additional
* comments

115	113	19
112	113	0
113	113	23
111	114	0
111	118	0
111	114	0
111	114	0
111	108	0
111	108	0
111	134	0
111	108	0
111	108	0
111	118	0
111	118	0
111	118	0
111	108	0
111	118	0
111	108	0
111	118	0
111	114	0
111	113	0
111	114	0
111	108	0
111	118	0
111	108	41
111	108	37
111	108	64
111	108	0
112	118	0
111	108	22
112	118	36
112	114	23
112	114	0
112	114	0
112	114	0
112	114	0
111	108	0
111	108	0
111	134	0
111	108	0
112	118	0
112	118	0
112	118	0
112	114	0
111	108	0
112	118	0
112	118	0
112	114	0
112	114	0
115	113	0
112	114	0
111	108	0
112	118	0
102	108	0
102	119	0
102	108	21
102	108	0
111	118	0
102	108	22
111	118	25
111	114	0
112	114	0
111	118	0
112	114	0
111	114	0
102	108	0
102	119	0
102	134	0
102	108	26
111	108	0
111	118	0
111	118	0
111	118	0
102	108	0
111	118	0
111	108	0
111	118	0
112	114	0
115	113	0
112	114	0
102	108	0
111	118	0
102	119	0
102	119	0
102	108	22
102	108	0
102	118	0
102	108	0
102	118	0
102	114	0
115	113	0
111	114	24
102	118	18
111	114	0
102	114	0
102	119	0
102	119	0
102	134	0
102	108	0
102	108	0
102	108	0
102	108	0
102	118	0
102	108	0
102	108	0
102	108	0
102	118	0
102	114	0
111	113	0
111	114	0
102	108	0
102	108	0
102	119	0
102	119	17
102	108	0
102	108	0
102	118	0
102	108	20
102	118	0
111	114	0
113	113	0
111	114	0
111	118	18
111	114	0
111	114	0
102	108	0
102	119	0
102	134	0
102	108	0
102	108	0
102	118	0
102	118	0
102	118	0
102	108	0
102	118	0
102	108	0
102	118	0
111	114	0
112	113	0
111	114	0
102	108	0
102	118	0
102	119	0
102	119	24
102	108	0
102	108	0
102	118	0
102	108	0
102	118	0
111	114	0
112	114	0
111	118	0
112	114	0
111	114	0
102	119	0
102	119	0
102	134	0
102	108	0
102	108	0
102	108	0
102	118	0
111	118	0
102	108	0
102	118	0
102	108	0
111	118	0
111	114	0
112	113	0
112	114	0
102	108	0
102	118	0
102	119	0
102	119	0
102	108	76
102	108	82
111	118	0
102	108	18
111	118	0
112	114	0
115	114	0
112	114	21
115	114	0
112	114	0
102	108	36
102	119	0
102	134	0
102	108	0
111	108	0
111	118	24
111	118	0
112	114	0
102	108	28
111	118	0
111	108	0
112	114	0
112	114	0
113	113	60
115	114	0
102	108	0
111	118	26
143	119	41
143	119	0
143	108	49
103	108	0
102	118	0
103	108	35
102	118	21
111	114	41
112	114	0
102	118	0
112	114	48
111	114	0
143	119	35
143	119	0
143	134	0
103	108	0
103	108	0
102	108	0
102	108	0
102	118	0
143	108	0
102	108	0
103	108	0
102	118	0
111	114	0
115	113	0
112	114	0
143	119	23
103	108	0
112	108	0
112	108	27
112	108	36
112	118	0
112	118	0
112	108	37
112	118	0
115	114	0
113	114	0
115	114	24
113	114	42
115	114	0
112	108	0
112	108	0
112	108	0
112	118	0
112	118	0
115	114	0
112	118	25
115	114	0
112	118	0
115	114	0
115	114	0
115	114	0
113	114	0
113	113	0
113	113	0
112	118	0
115	114	23
111	108	0
111	119	0
111	108	100
111	108	0
112	118	0
111	108	16
112	118	0
112	114	0
113	114	0
112	114	0
113	114	0
115	114	0
111	108	0
111	108	0
111	134	0
111	108	0
112	118	0
112	118	0
112	118	0
112	114	0
111	108	13
112	114	0
112	118	0
115	114	0
113	114	0
113	113	0
111	108	0
112	114	0
108	111	0
108	111	20
108	102	0
119	102	0
119	102	0
119	102	0
119	102	0
119	143	0
108	112	24
108	111	0
119	102	0
119	102	0
119	102	0
119	102	0
119	143	0
119	143	0
119	102	0
119	102	0
108	111	0
108	111	0
108	112	0
108	112	0
108	111	0
108	111	0
118	113	0
118	113	0
108	112	0
108	112	0
114	113	0
114	113	0
136	128	0
136	128	0
119	143	28
119	143	28
136	128	0
136	128	0
136	128	0
136	128	0
132	131	0
132	131	0
132	131	0
132	131	0
133	129	0
133	129	0
133	130	0
133	130	0
134	138	0
134	138	0
134	144	0
134	144	0
134	139	0
134	139	0
132	131	0
132	131	0
134	144	0
134	144	0
134	139	0
134	139	0
134	144	12
134	144	12
119	111	0
108	111	0
119	102	0
119	102	0
119	102	0
119	102	13
119	102	0
119	143	103
108	112	47
119	111	0
119	102	0
119	102	0
119	102	0
119	102	0
136	142	0
136	142	0
119	143	0
119	143	0
119	111	0
119	111	0
108	112	0
108	112	0
119	111	0
119	111	0
108	113	0
108	113	0
108	112	46
108	112	46
118	113	0
118	113	0
132	128	0
132	128	0
136	143	0
136	143	0
136	128	0
136	128	0
133	129	29
133	129	29
133	131	0
133	131	0
132	131	0
132	131	0
133	129	0
133	129	0
133	130	0
133	130	0
132	138	0
132	138	0
135	139	22
135	139	22
136	139	0
136	139	0
132	131	0
132	131	0
136	144	0
136	144	0
136	139	0
136	139	0
136	144	105
136	144	105
134	134	0
134	134	0
134	134	23
134	134	23
134	134	0
134	134	0
108	111	53
108	111	0
108	102	20
108	102	0
108	102	0
108	102	0
108	102	0
108	143	0
108	112	40
108	111	0
108	102	0
108	102	0
108	102	0
108	102	0
108	143	0
108	143	0
108	102	0
108	102	0
108	111	0
108	111	0
108	112	0
108	112	0
108	111	0
108	111	0
108	113	0
108	113	0
108	112	0
108	112	0
118	113	0
118	113	0
108	128	0
108	128	0
108	143	20
108	143	20
108	128	0
108	128	0
108	128	0
108	128	0
108	130	0
108	130	0
119	131	56
119	131	56
108	129	0
108	129	0
108	129	0
108	129	0
132	138	0
132	138	0
133	139	0
133	139	0
133	138	0
133	138	0
108	130	0
108	130	0
135	144	0
135	144	0
133	138	24
133	138	24
136	144	25
136	144	25
134	134	0
134	134	0
136	134	11
136	134	11
108	111	35
108	111	155
108	102	0
108	102	0
108	102	0
108	102	0
108	102	0
108	103	24
118	112	65
108	111	22
108	102	15
108	102	15
108	102	0
108	102	0
108	143	0
108	143	0
108	102	0
108	102	0
108	111	0
108	111	0
118	112	0
118	112	0
108	112	0
108	112	0
118	113	0
118	113	0
118	115	0
118	115	0
114	113	0
114	113	0
108	128	0
108	128	0
108	143	0
108	143	0
108	142	0
108	142	0
108	128	0
108	128	0
119	130	0
119	130	0
132	131	0
132	131	0
108	129	62
108	129	62
108	129	0
108	129	0
133	138	0
133	138	0
134	144	0
134	144	0
136	139	0
136	139	0
132	131	0
132	131	0
134	144	0
134	144	0
136	139	0
136	139	0
134	144	40
134	144	40
118	111	19
118	112	0
118	111	0
118	102	0
118	102	0
118	102	0
118	111	17
118	102	27
118	112	68
118	112	0
118	112	0
118	112	0
118	112	0
118	112	0
118	102	0
118	102	0
118	111	0
118	111	0
118	112	0
118	112	0
118	115	0
118	115	0
118	112	0
118	112	0
114	113	0
114	113	0
114	113	0
114	113	0
108	143	0
108	143	0
108	143	0
108	143	0
108	143	0
108	143	0
108	128	0
108	128	0
108	129	0
108	129	0
108	130	0
108	130	0
108	129	0
108	129	0
108	128	0
108	128	0
133	138	0
133	138	0
135	139	0
135	139	0
133	138	0
133	138	0
108	130	0
108	130	0
136	144	0
136	144	0
133	138	0
133	138	0
136	144	0
136	144	0
108	111	32
108	111	0
108	102	0
108	102	34
108	102	0
108	102	40
108	102	0
108	103	113
108	112	51
108	111	0
108	102	0
108	102	0
108	102	0
108	102	0
108	143	0
108	143	0
108	102	0
108	102	0
108	111	0
108	111	0
108	112	0
108	112	0
108	112	0
108	112	0
118	113	0
118	113	0
108	112	0
108	112	0
118	113	0
118	113	0
108	128	0
108	128	0
108	143	0
108	143	0
108	143	0
108	143	0
108	128	53
108	128	53
108	129	0
108	129	0
108	130	0
108	130	0
108	129	0
108	129	0
108	128	0
108	128	0
108	138	0
108	138	0
133	139	0
133	139	0
132	138	0
132	138	0
108	130	0
108	130	0
133	144	0
133	144	0
132	138	0
132	138	0
136	144	0
136	144	0
134	134	0
134	134	0
134	134	0
134	134	0
118	111	48
118	112	66
118	111	0
118	102	0
118	102	0
118	102	0
118	111	0
118	102	30
118	112	100
118	112	0
118	111	0
118	111	0
118	111	0
118	111	0
118	102	0
118	102	0
118	111	0
118	111	0
118	112	0
118	112	0
118	112	13
118	112	13
118	112	0
118	112	0
118	113	0
118	113	0
118	115	0
118	115	0
118	113	31
118	113	31
118	114	0
118	114	0
118	143	0
118	143	0
118	143	0
118	143	0
118	143	0
118	143	0
118	128	49
118	128	49
108	129	0
108	129	0
108	130	0
108	130	0
108	129	0
108	129	0
118	128	0
118	128	0
108	138	0
108	138	0
132	139	24
132	139	24
108	138	0
108	138	0
108	129	0
108	129	0
133	144	0
133	144	0
132	138	0
132	138	0
136	144	0
136	144	0
134	134	0
134	134	0
134	134	0
134	134	0
114	111	0
114	112	20
114	111	44
114	102	0
114	111	0
114	111	30
114	112	0
114	111	0
114	115	130
114	112	0
114	112	0
114	112	0
114	112	0
114	112	0
114	111	40
114	111	40
114	112	0
114	112	0
114	112	0
114	112	0
114	113	0
114	113	0
114	115	0
114	115	0
114	113	0
114	113	0
114	113	0
114	113	0
114	113	0
114	113	0
118	143	0
118	143	0
114	102	0
114	102	0
118	143	30
118	143	30
118	128	41
118	128	41
118	129	0
118	129	0
108	130	0
108	130	0
118	129	0
118	129	0
118	128	0
118	128	0
108	138	0
108	138	0
133	139	0
133	139	0
119	138	0
119	138	0
108	129	0
108	129	0
136	144	0
136	144	0
132	138	0
132	138	0
136	144	0
136	144	0
102	119	0
102	119	0
102	119	0
102	119	0
102	108	0
102	108	0
102	108	9
102	108	9
112	118	0
112	118	0
102	108	0
102	108	0
111	118	0
111	118	0
112	114	8
112	114	8
113	114	0
113	114	0
112	114	0
112	114	0
113	114	0
113	114	0
115	114	0
115	114	0
102	119	0
102	119	0
102	119	0
102	119	0
143	134	0
143	134	0
102	108	0
102	108	0
111	118	0
111	118	0
112	118	0
112	118	0
111	118	0
111	118	0
112	114	0
112	114	0
102	108	0
102	108	0
112	118	0
112	118	0
111	118	0
111	118	0
115	114	0
115	114	0
113	114	0
113	114	0
102	108	0
102	108	0
112	118	0
112	118	0
102	119	0
102	119	0
102	119	0
102	119	0
102	108	0
102	108	0
102	108	7
102	108	7
112	118	0
112	118	0
102	108	0
102	108	0
111	118	9
111	118	9
112	114	0
112	114	0
113	114	0
113	114	0
112	114	0
112	114	0
113	114	0
113	114	0
113	114	0
113	114	0
102	119	0
102	119	0
102	119	0
102	119	0
143	134	0
143	134	0
102	108	0
102	108	0
111	118	0
111	118	0
112	118	0
112	118	0
111	118	0
111	118	0
112	114	0
112	114	0
102	108	0
102	108	0
112	118	0
112	118	0
111	118	0
111	118	0
115	114	0
115	114	0
113	113	0
113	113	0
102	108	0
102	108	0
112	118	0
112	118	0
143	119	0
143	119	0
142	136	0
142	136	0
143	108	0
143	108	0
143	108	0
143	108	0
102	118	0
102	118	0
143	108	31
143	108	31
102	118	0
102	118	0
111	114	0
111	114	0
115	114	0
115	114	0
111	118	0
111	118	0
115	114	0
115	114	0
111	114	0
111	114	0
142	136	20
142	136	20
128	136	0
128	136	0
130	134	0
130	134	0
143	108	0
143	108	0
143	108	119
143	108	119
143	108	0
143	108	0
103	108	28
103	108	28
102	118	0
102	118	0
143	108	45
143	108	45
143	108	70
143	108	70
143	108	0
143	108	0
102	118	0
102	118	0
112	114	0
112	114	0
113	113	34
113	113	34
113	114	0
113	114	0
128	136	33
128	136	33
143	108	0
143	108	0
102	119	0
102	119	0
143	119	0
143	119	0
102	108	22
102	108	22
102	108	31
102	108	31
111	118	0
111	118	0
102	108	31
102	108	31
111	118	0
111	118	0
112	114	0
112	114	0
115	114	0
115	114	0
112	114	23
112	114	23
115	114	0
115	114	0
112	114	0
112	114	0
102	119	14
102	119	14
143	119	0
143	119	0
143	134	0
143	134	0
102	108	0
102	108	0
102	108	0
102	108	0
111	118	0
111	118	0
111	118	0
111	118	0
112	114	0
112	114	0
102	108	0
102	108	0
111	118	0
111	118	0
102	108	0
102	108	0
112	114	0
112	114	0
115	114	0
115	114	0
113	113	0
113	113	0
102	119	0
102	119	0
111	118	0
111	118	0
111	108	0
111	108	0
111	119	0
111	119	0
111	108	34
111	108	34
111	108	0
111	108	0
112	118	34
112	118	34
111	108	0
111	108	0
112	118	0
112	118	0
112	114	0
112	114	0
113	114	0
113	114	0
115	114	0
115	114	0
113	114	0
113	114	0
113	114	0
113	114	0
111	108	0
111	108	0
111	108	0
111	108	0
102	134	0
102	134	0
112	108	0
112	108	0
112	118	0
112	118	0
112	118	0
112	118	0
112	118	0
112	118	0
115	114	0
115	114	0
112	108	0
112	108	0
112	114	0
112	114	0
112	118	0
112	118	0
115	114	0
115	114	0
113	113	0
113	113	0
112	108	0
112	108	0
115	114	0
115	114	0
112	108	0
112	108	0
112	108	0
112	108	0
112	108	0
112	108	0
112	118	20
112	118	20
115	118	0
115	118	0
112	108	87
112	108	87
112	118	0
112	118	0
113	114	0
113	114	0
113	114	0
113	114	0
113	114	0
113	114	0
113	113	0
113	113	0
113	114	0
113	114	0
112	108	0
112	108	0
112	108	0
112	108	0
112	108	0
112	108	0
112	118	0
112	118	0
115	118	0
115	118	0
115	114	0
115	114	0
115	114	0
115	114	0
113	114	0
113	114	0
112	118	0
112	118	0
113	114	0
113	114	0
113	114	0
113	114	0
113	114	0
113	114	0
115	118	0
115	118	0
113	114	0
113	114	0
111	108	0
111	108	0
111	119	0
111	119	0
111	108	32
111	108	32
112	108	0
112	108	0
112	118	0
112	118	0
112	108	0
112	108	0
112	118	0
112	118	0
115	114	0
115	114	0
113	114	0
113	114	0
113	114	0
113	114	0
113	113	0
113	113	0
113	114	0
113	114	0
111	108	0
111	108	0
111	108	0
111	108	0
111	134	0
111	134	0
112	118	0
112	118	0
112	118	0
112	118	0
112	114	28
112	114	28
112	118	0
112	118	0
113	114	0
113	114	0
112	118	0
112	118	0
113	114	0
113	114	0
112	114	0
112	114	0
113	114	0
113	114	0
112	118	0
112	118	0
113	114	0
113	114	0
113	118	0
113	118	0
113	108	0
113	108	0
113	108	21
113	108	21
113	118	0
113	118	0
113	114	0
113	114	0
113	118	0
113	118	0
113	118	0
113	118	0
113	114	0
113	114	0
113	114	0
113	114	0
113	118	0
113	118	0
113	118	0
113	118	0
113	114	0
113	114	0
113	114	0
113	114	0
113	114	0
113	114	0
113	114	0
113	114	0
112	108	0
112	108	0
112	108	0
112	108	0
112	108	110
112	108	110
115	118	0
115	118	0
113	114	0
113	114	0
112	108	0
112	108	0
115	118	0
115	118	0
113	114	0
113	114	0
113	114	0
113	114	0
113	114	27
113	114	27
113	113	0
113	113	0
113	114	0
113	114	0
115	118	0
115	118	0
112	108	0
112	108	0
112	108	0
112	108	0
115	118	44
115	118	44
115	114	0
115	114	0
113	114	0
113	114	0
113	114	0
113	114	0
113	114	0
113	114	0
115	114	0
115	114	0
113	114	0
113	114	0
113	114	0
113	114	0
113	114	0
113	114	0
113	114	0
113	114	0
113	114	0
113	114	0
113	114	0
113	114	0
113	118	0
113	118	0
113	118	51
113	118	51
113	114	0
113	114	0
113	118	0
113	118	0
113	118	0
113	118	0
113	114	36
113	114	36
113	114	0
113	114	0
113	114	0
113	114	0
114	118	0
114	118	0
128	136	0
128	136	0
128	132	0
128	132	0
128	108	0
128	108	0
128	108	0
128	108	0
143	108	0
143	108	0
128	108	0
128	108	0
143	118	0
143	118	0
143	118	0
143	118	0
111	114	0
111	114	0
143	118	0
143	118	0
143	114	0
143	114	0
143	118	0
143	118	0
128	136	0
128	136	0
128	136	0
128	136	0
131	134	0
131	134	0
128	108	0
128	108	0
128	108	0
128	108	0
128	108	0
128	108	0
128	108	0
128	108	0
143	108	0
143	108	0
128	136	0
128	136	0
128	108	0
128	108	0
128	136	0
128	136	0
128	108	0
128	108	0
143	118	0
143	118	0
111	113	0
111	113	0
143	114	0
143	114	0
129	134	19
129	134	19
128	108	0
128	108	0
143	119	0
143	119	0
143	136	0
143	136	0
143	108	0
143	108	0
143	108	16
143	108	16
143	108	0
143	108	0
143	108	0
143	108	0
143	118	0
143	118	0
102	114	0
102	114	0
112	114	0
112	114	0
103	118	0
103	118	0
111	114	0
111	114	0
102	118	0
102	118	0
143	119	14
143	119	14
143	136	0
143	136	0
128	134	0
128	134	0
143	108	0
143	108	0
143	108	0
143	108	0
143	108	0
143	108	0
143	108	0
143	108	0
143	118	0
143	118	0
143	108	20
143	108	20
143	108	0
143	108	0
143	108	0
143	108	0
143	118	0
143	118	0
102	114	0
102	114	0
112	113	0
112	113	0
111	114	0
111	114	0
143	136	0
143	136	0
143	108	38
143	108	38
128	136	0
128	136	0
128	136	0
128	136	0
128	108	28
128	108	28
142	108	0
142	108	0
143	108	0
143	108	0
143	108	0
143	108	0
143	118	0
143	118	0
143	118	0
143	118	0
115	113	29
115	113	29
143	114	0
143	114	0
143	118	19
143	118	19
143	114	0
143	114	0
143	118	0
143	118	0
128	136	0
128	136	0
128	136	0
128	136	0
129	134	0
129	134	0
142	108	0
142	108	0
142	108	0
142	108	0
142	108	0
142	108	0
143	108	0
143	108	0
143	108	0
143	108	0
128	136	0
128	136	0
142	108	0
142	108	0
128	108	0
128	108	0
143	108	0
143	108	0
143	118	0
143	118	0
143	114	0
143	114	0
143	114	0
143	114	0
128	134	0
128	134	0
128	108	0
128	108	0
128	136	0
128	136	0
129	133	0
129	133	0
128	108	0
128	108	0
128	108	29
128	108	29
128	108	0
128	108	0
128	108	36
128	108	36
128	118	0
128	118	0
128	118	0
128	118	0
128	103	0
128	103	0
128	113	0
128	113	0
128	113	0
128	113	0
128	113	0
128	113	0
128	114	0
128	114	0
128	108	0
128	108	0
128	114	0
128	114	0
128	108	0
128	108	0
129	136	0
129	136	0
129	134	0
129	134	0
131	134	0
131	134	0
128	108	64
128	108	64
128	108	0
128	108	0
128	108	0
128	108	0
128	108	0
128	108	0
128	108	0
128	108	0
129	136	44
129	136	44
128	108	0
128	108	0
129	136	0
129	136	0
128	108	0
128	108	0
128	118	0
128	118	0
128	114	33
128	114	33
128	118	0
128	118	0
130	134	0
130	134	0
128	136	0
128	136	0
131	132	0
131	132	0
131	133	13
131	133	13
130	108	37
130	108	37
130	119	0
130	119	0
129	108	0
129	108	0
129	108	41
129	108	41
129	108	0
129	108	0
129	118	0
129	118	0
128	113	0
128	113	0
128	114	0
128	114	0
128	113	0
128	113	0
128	113	0
128	113	0
129	114	0
129	114	0
129	108	0
129	108	0
129	118	0
129	118	0
129	108	0
129	108	0
131	134	0
131	134	0
131	134	0
131	134	0
139	144	0
139	144	0
130	133	0
130	133	0
130	132	0
130	132	0
130	132	0
130	132	0
130	108	0
130	108	0
130	108	0
130	108	0
131	134	0
131	134	0
131	136	0
131	136	0
131	134	0
131	134	0
130	133	0
130	133	0
129	108	0
129	108	0
129	108	0
129	108	0
129	108	0
129	108	0
138	144	0
138	144	0
131	134	0
131	134	0
131	132	0
131	132	0
131	132	0
131	132	0
131	119	195
131	119	195
131	132	0
131	132	0
130	108	0
130	108	0
130	108	0
130	108	0
130	108	0
130	108	0
130	108	0
130	108	0
130	113	0
130	113	0
130	114	0
130	114	0
130	114	0
130	114	0
130	114	0
130	114	0
130	114	0
130	114	0
131	108	33
131	108	33
130	108	0
130	108	0
131	119	0
131	119	0
131	134	0
131	134	0
131	134	35
131	134	35
138	144	0
138	144	0
131	132	0
131	132	0
131	133	0
131	133	0
131	133	0
131	133	0
131	132	0
131	132	0
131	133	0
131	133	0
138	134	39
138	134	39
131	134	0
131	134	0
138	134	0
138	134	0
131	136	0
131	136	0
131	119	0
131	119	0
130	108	0
130	108	0
131	119	0
131	119	0
138	134	0
138	134	0
138	134	0
138	134	0
129	133	0
129	133	0
129	133	0
129	133	0
129	108	0
129	108	0
129	108	0
129	108	0
129	108	0
129	108	0
129	108	0
129	108	0
129	108	0
129	108	0
129	118	0
129	118	0
128	113	0
128	113	0
129	114	0
129	114	0
129	113	0
129	113	0
129	113	0
129	113	0
129	114	0
129	114	0
129	108	0
129	108	0
129	118	0
129	118	0
129	108	0
129	108	0
130	136	0
130	136	0
130	134	0
130	134	0
131	134	0
131	134	0
129	136	0
129	136	0
129	108	0
129	108	0
129	108	0
129	108	0
129	108	0
129	108	0
129	108	0
129	108	0
130	134	0
130	134	0
129	136	0
129	136	0
130	136	0
130	136	0
129	108	0
129	108	0
129	108	0
129	108	0
129	118	0
129	118	0
129	108	0
129	108	0
130	134	0
130	134	0
129	136	0
129	136	0
130	133	0
130	133	0
130	133	0
130	133	0
129	108	0
129	108	0
129	108	0
129	108	0
128	108	0
128	108	0
128	108	0
128	108	0
128	118	0
128	118	0
128	118	0
128	118	0
115	113	12
115	113	12
128	114	0
128	114	0
128	108	0
128	108	0
128	114	0
128	114	0
128	108	0
128	108	0
130	134	0
130	134	0
130	134	0
130	134	0
138	144	0
138	144	0
129	136	0
129	136	0
129	108	0
129	108	0
129	108	17
129	108	17
128	108	0
128	108	0
128	108	0
128	108	0
131	134	0
131	134	0
129	136	0
129	136	0
130	134	0
130	134	0
129	108	0
129	108	0
128	118	0
128	118	0
128	114	0
128	114	0
128	118	0
128	118	0
138	134	0
138	134	0
130	136	0
130	136	0
138	134	0
138	134	0
138	132	0
138	132	0
138	132	18
138	132	18
138	133	0
138	133	0
138	133	0
138	133	0
138	108	0
138	108	0
138	108	0
138	108	0
138	108	0
138	108	0
131	114	0
131	114	0
138	108	0
138	108	0
131	114	0
131	114	0
131	114	18
131	114	18
131	118	0
131	118	0
138	133	0
138	133	0
138	108	0
138	108	0
138	132	0
138	132	0
139	134	0
139	134	0
139	134	0
139	134	0
138	134	0
138	134	0
138	134	0
138	134	0
138	134	0
138	134	0
138	132	19
138	132	19
138	134	0
138	134	0
144	134	0
144	134	0
139	134	0
139	134	0
144	144	0
144	144	0
139	134	19
139	134	19
138	132	0
138	132	0
138	133	0
138	133	0
138	132	0
138	132	0
144	144	0
144	144	0
144	134	0
144	134	0
139	135	0
139	135	0
139	133	0
139	133	0
144	134	0
144	134	0
139	135	0
139	135	0
139	133	25
139	133	25
139	132	0
139	132	0
139	133	0
139	133	0
139	133	79
139	133	79
139	135	0
139	135	0
139	132	0
139	132	0
139	133	0
139	133	0
139	133	0
139	133	0
144	134	0
144	134	0
139	135	0
139	135	0
144	134	0
144	134	0
144	144	0
144	144	0
144	134	0
144	134	0
144	134	0
144	134	0
144	134	48
144	134	48
144	134	0
144	134	0
144	134	0
144	134	0
144	134	0
144	134	0
144	134	0
144	134	0
144	134	0
144	134	0
144	144	0
144	144	0
139	134	0
139	134	0
139	136	0
139	136	0
138	133	0
138	133	0
139	136	0
139	136	0
138	133	0
138	133	0
138	132	0
138	132	0
138	108	0
138	108	0
138	119	0
138	119	0
138	114	0
138	114	0
138	133	0
138	133	0
138	114	0
138	114	0
138	108	0
138	108	0
138	108	0
138	108	0
139	136	0
139	136	0
138	133	0
138	133	0
139	134	0
139	134	0
144	134	0
144	134	0
144	134	0
144	134	0
144	134	0
144	134	0
144	134	0
144	134	0
144	134	0
144	134	0
139	134	0
139	134	0
144	134	0
144	134	0
144	134	0
144	134	0
139	134	0
139	134	0
144	134	0
144	134	0
131	132	0
131	132	0
131	132	0
131	132	0
130	108	0
130	108	0
131	132	0
131	132	0
130	108	0
130	108	0
130	108	0
130	108	0
129	108	0
129	108	0
129	108	0
129	108	0
128	113	0
128	113	0
129	114	0
129	114	0
129	113	0
129	113	0
129	113	0
129	113	0
129	114	0
129	114	0
130	108	0
130	108	0
129	108	0
129	108	0
130	108	0
130	108	0
138	134	0
138	134	0
138	134	0
138	134	0
144	144	0
144	144	0
131	132	0
131	132	0
131	133	0
131	133	0
131	132	0
131	132	0
131	132	0
131	132	0
131	133	0
131	133	0
139	134	0
139	134	0
138	134	0
138	134	0
139	134	0
139	134	0
138	134	0
138	134	0
130	119	0
130	119	0
129	108	0
129	108	0
130	108	0
130	108	0
139	134	0
139	134	0
144	134	0
144	134	0
144	136	0
144	136	0
144	135	50
144	135	50
144	134	0
144	134	0
144	136	0
144	136	0
144	133	21
144	133	21
144	133	32
144	133	32
144	136	0
144	136	0
144	136	0
144	136	0
144	136	0
144	136	0
144	136	0
144	136	0
144	136	0
144	136	0
144	134	0
144	134	0
144	144	0
144	144	0
139	134	0
139	134	0
139	136	0
139	136	0
138	133	188
138	133	188
139	136	57
139	136	57
138	133	15
138	133	15
138	132	258
138	132	258
138	132	16
138	132	16
138	132	0
138	132	0
138	132	0
138	132	0
138	133	0
138	133	0
138	114	0
138	114	0
138	132	0
138	132	0
138	132	0
138	132	0
139	136	0
139	136	0
138	133	0
138	133	0
139	134	0
139	134	0
139	134	35
139	134	35
139	134	0
139	134	0
144	144	0
144	144	0
139	134	57
139	134	57
139	134	0
139	134	0
139	134	0
139	134	0
139	134	51
139	134	51
139	134	0
139	134	0
139	134	0
139	134	0
139	134	0
139	134	0
139	134	0
139	134	0
139	134	0
139	134	0
139	134	0
139	134	0
139	136	0
139	136	0
139	134	0
139	134	0
144	144	0
144	144	0
144	144	0
144	144	0
144	134	20
144	134	20
144	136	18
144	136	18
144	136	208
144	136	208
144	134	0
144	134	0
144	136	0
144	136	0
144	136	63
144	136	63
144	136	21
144	136	21
144	136	0
144	136	0
144	136	0
144	136	0
144	136	31
144	136	31
144	136	0
144	136	0
144	136	0
144	136	0
144	134	0
144	134	0
134	134	14
134	134	14
134	134	88
134	134	88
134	134	42
134	134	42
134	134	0
134	134	0
134	134	0
134	134	0
134	134	0
134	134	0
134	136	18
134	136	18
134	134	30
134	134	30
134	134	0
134	134	0
103	128	0
103	128	0
113	128	0
113	128	0
113	130	0
113	130	0
113	128	0
113	128	0
114	131	0
114	131	0
133	139	0
133	139	0
114	138	0
114	138	0
113	128	0
113	128	0
136	144	0
136	144	0
132	138	0
132	138	0
136	144	0
136	144	0
113	115	0
113	128	0
113	128	0
114	128	0
114	128	0
114	130	0
114	130	0
114	129	0
114	129	0
108	138	0
108	138	0
135	139	0
135	139	0
133	138	0
133	138	0
114	129	0
114	129	0
133	138	0
133	138	0
113	112	174
113	115	0
113	113	0
113	115	0
113	115	0
113	128	0
113	128	0
113	128	73
113	128	73
114	130	24
114	130	24
113	129	0
113	129	0
113	115	12
113	115	12
114	131	0
114	131	0
132	139	0
132	139	0
114	138	0
114	138	0
113	129	0
113	129	0
136	144	0
136	144	0
114	138	0
114	138	0
136	144	0
136	144	0
113	113	0
113	128	0
113	128	0
113	128	0
113	128	0
114	130	0
114	130	0
113	129	0
113	129	0
114	131	0
114	131	0
133	139	0
133	139	0
108	138	0
108	138	0
113	129	0
113	129	0
136	144	0
136	144	0
132	138	0
132	138	0
136	144	0
136	144	0
114	111	0
114	112	112
114	112	0
114	111	0
114	111	0
114	112	0
114	115	146
114	112	84
114	113	99
114	113	25
114	113	0
114	113	0
114	113	0
114	113	0
114	115	0
114	115	0
114	115	0
114	115	0
114	113	0
114	113	0
114	113	0
114	113	0
114	113	0
114	113	0
114	113	0
114	113	0
114	111	0
114	111	0
114	112	0
114	112	0
114	143	0
114	143	0
114	128	0
114	128	0
114	129	0
114	129	0
114	130	0
114	130	0
114	129	0
114	129	0
114	128	0
114	128	0
118	131	0
118	131	0
133	139	0
133	139	0
108	138	0
108	138	0
114	129	0
114	129	0
136	144	0
136	144	0
132	138	0
132	138	0
136	144	0
136	144	0
118	111	45
114	112	24
118	111	0
118	102	0
118	111	0
118	111	19
114	112	41
118	102	63
114	115	93
114	112	27
114	112	0
114	112	0
114	112	0
114	112	0
118	111	20
118	111	20
114	112	0
114	112	0
114	115	0
114	115	0
114	113	0
114	113	0
114	113	18
114	113	18
114	113	0
114	113	0
118	143	0
118	143	0
118	103	0
118	103	0
118	143	0
118	143	0
108	128	0
108	128	0
108	129	0
108	129	0
108	131	0
108	131	0
108	129	0
108	129	0
108	128	0
108	128	0
133	138	0
133	138	0
134	144	0
134	144	0
136	139	0
136	139	0
108	130	0
108	130	0
136	139	0
136	139	0
114	111	19
114	112	22
114	112	0
114	111	0
114	111	0
114	112	0
114	115	67
114	112	74
114	113	41
114	113	0
114	113	0
114	113	0
114	113	0
114	113	0
114	115	0
114	115	0
114	115	0
114	115	0
114	113	0
114	113	0
113	113	0
113	113	0
113	113	0
113	113	0
113	113	0
113	113	0
114	143	0
114	143	0
114	111	0
114	111	0
114	143	0
114	143	0
114	128	0
114	128	0
118	129	30
118	129	30
108	130	0
108	130	0
118	129	0
118	129	0
114	128	0
114	128	0
108	138	0
108	138	0
135	139	0
135	139	0
133	138	0
133	138	0
108	129	0
108	129	0
134	144	0
134	144	0
133	138	0
133	138	0
134	144	0
134	144	0
114	111	0
114	112	0
114	111	0
114	102	14
114	111	0
114	111	0
114	112	0
114	111	0
114	115	0
114	115	20
114	115	0
114	115	0
114	113	0
114	113	0
114	111	0
114	111	0
114	112	0
114	112	0
114	113	0
114	113	0
114	113	0
114	113	0
114	113	0
114	113	0
114	113	0
114	113	0
118	143	0
118	143	0
118	102	0
118	102	0
118	143	0
118	143	0
108	128	0
108	128	0
108	129	0
108	129	0
119	131	0
119	131	0
108	129	0
108	129	0
108	128	28
108	128	28
132	138	0
132	138	0
134	144	0
134	144	0
134	139	0
134	139	0
108	130	0
108	130	0
134	139	0
134	139	0
108	111	16
108	111	0
108	102	0
119	102	0
108	102	0
119	102	0
108	102	0
119	143	0
108	112	0
108	111	0
119	102	0
119	102	0
119	102	0
119	102	0
136	142	58
136	142	58
119	102	0
119	102	0
108	111	0
108	111	0
108	112	0
108	112	0
108	111	0
108	111	0
114	113	0
114	113	0
118	115	0
118	115	0
136	128	0
136	128	0
119	143	0
119	143	0
136	128	0
136	128	0
136	129	0
136	129	0
134	131	0
134	131	0
134	131	30
134	131	30
136	130	0
136	130	0
134	130	0
134	130	0
134	139	0
134	139	0
144	144	39
144	144	39
134	144	0
134	144	0
134	138	0
134	138	0
134	139	0
134	139	0
108	111	7
108	111	0
119	102	0
119	102	0
119	102	0
119	102	0
119	102	0
119	143	0
108	112	34
108	111	0
119	102	0
119	102	0
119	102	0
119	102	0
136	128	0
136	128	0
119	143	0
119	143	0
108	111	0
108	111	0
108	112	0
108	112	0
108	111	0
108	111	0
118	113	0
118	113	0
108	112	0
108	112	0
114	113	0
114	113	0
136	128	0
136	128	0
136	143	0
136	143	0
136	128	0
136	128	0
134	129	0
134	129	0
134	131	0
134	131	0
134	131	0
134	131	0
134	130	0
134	130	0
134	130	0
134	130	0
134	139	0
134	139	0
134	144	0
134	144	0
134	144	0
134	144	0
134	138	0
134	138	0
144	144	0
144	144	0
134	139	0
134	139	0
134	111	24
134	111	32
134	102	0
134	102	0
134	102	0
134	102	0
134	102	0
134	143	0
108	112	0
134	111	0
134	143	0
134	143	0
134	143	0
134	143	0
134	130	29
134	130	29
134	143	0
134	143	0
134	102	0
134	102	0
108	112	0
108	112	0
134	111	0
134	111	0
118	113	0
118	113	0
108	112	0
108	112	0
114	113	0
114	113	0
134	131	0
134	131	0
134	128	0
134	128	0
134	129	0
134	129	0
134	131	0
134	131	0
144	139	0
144	139	0
144	138	37
144	138	37
134	131	0
134	131	0
144	138	0
144	138	0
144	144	0
144	144	0
144	144	0
144	144	0
108	111	0
108	111	13
108	102	0
108	102	0
108	102	0
108	102	0
108	102	0
108	103	0
118	112	16
108	111	0
108	102	0
108	102	0
108	102	0
108	102	0
108	143	0
108	143	0
108	102	0
108	102	0
108	112	0
108	112	0
118	112	0
118	112	0
118	112	0
118	112	0
114	113	0
114	113	0
118	115	0
118	115	0
108	128	0
108	128	0
108	143	0
108	143	0
108	142	0
108	142	0
108	128	0
108	128	0
133	130	0
133	130	0
132	131	0
132	131	0
136	129	0
136	129	0
136	129	0
136	129	0
134	138	0
134	138	0
134	144	0
134	144	0
134	144	0
134	144	0
132	131	0
132	131	0
134	139	0
134	139	0
108	111	20
118	112	0
108	111	0
108	102	0
108	102	0
108	102	0
108	111	0
108	103	19
118	112	25
118	112	0
118	111	0
118	111	0
118	111	0
118	111	0
108	143	0
108	143	0
108	102	0
108	102	0
118	112	0
118	112	0
118	115	0
118	115	0
118	112	12
118	112	12
114	113	0
114	113	0
114	115	0
114	115	0
108	128	0
108	128	0
108	143	0
108	143	0
108	142	0
108	142	0
108	128	0
108	128	0
132	130	0
132	130	0
133	131	0
133	131	0
108	129	0
108	129	0
108	129	0
108	129	0
134	138	0
134	138	0
134	144	0
134	144	0
134	144	0
134	144	0
133	131	0
133	131	0
134	139	0
134	139	0
118	111	0
118	112	0
118	111	29
108	102	0
118	102	0
108	102	0
118	111	0
108	102	25
114	115	35
118	112	0
118	112	0
118	112	0
118	112	0
118	112	0
108	143	0
108	143	0
118	111	0
118	111	0
118	112	0
118	112	0
114	115	0
114	115	0
114	112	0
114	112	0
114	113	0
114	113	0
108	128	0
108	128	0
108	143	0
108	143	0
108	142	36
108	142	36
108	128	81
108	128	81
132	130	0
132	130	0
133	131	0
133	131	0
108	129	0
108	129	0
108	129	0
108	129	0
134	138	32
134	138	32
134	144	38
134	144	38
134	144	0
134	144	0
132	131	0
132	131	0
134	139	0
134	139	0
118	111	24
118	112	37
118	111	0
108	102	0
118	102	0
118	102	0
118	111	16
108	102	59
118	112	30
118	112	0
118	111	0
118	111	0
118	111	0
118	111	0
108	103	0
108	103	0
118	111	0
118	111	0
118	112	0
118	112	0
114	115	0
114	115	0
118	112	0
118	112	0
114	113	0
114	113	0
114	113	0
114	113	0
108	128	0
108	128	0
108	143	0
108	143	0
108	143	0
108	143	0
108	128	0
108	128	0
108	130	0
108	130	0
132	131	0
132	131	0
108	129	0
108	129	0
108	128	0
108	128	0
132	138	23
132	138	23
134	144	0
134	144	0
134	139	0
134	139	0
132	131	0
132	131	0
134	139	0
134	139	0
118	111	0
114	112	0
118	111	0
118	102	0
118	102	0
118	111	0
114	112	0
118	102	0
114	115	38
114	112	0
114	112	8
114	112	8
114	112	0
114	112	0
118	102	0
118	102	0
114	112	0
114	112	0
114	115	0
114	115	0
114	113	0
114	113	0
114	113	0
114	113	0
114	113	0
114	113	0
108	143	0
108	143	0
118	143	0
118	143	0
108	143	0
108	143	0
108	128	0
108	128	0
108	130	0
108	130	0
133	131	0
133	131	0
108	129	0
108	129	0
108	128	0
108	128	0
134	138	0
134	138	0
134	144	0
134	144	0
134	144	0
134	144	0
133	131	0
133	131	0
134	139	0
134	139	0
108	111	0
108	111	21
108	102	0
108	102	0
108	102	0
108	102	0
108	102	14
108	143	0
118	112	0
108	111	0
108	102	0
108	102	0
108	102	0
108	102	0
108	143	22
108	143	22
108	102	0
108	102	0
108	112	0
108	112	0
118	112	0
118	112	0
118	112	0
118	112	0
114	113	0
114	113	0
114	115	0
114	115	0
136	128	0
136	128	0
108	143	0
108	143	0
136	128	0
136	128	0
136	129	0
136	129	0
134	131	0
134	131	0
134	138	37
134	138	37
134	130	0
134	130	0
134	131	0
134	131	0
134	144	19
134	144	19
134	139	0
134	139	0
134	139	16
134	139	16
118	111	0
118	112	0
118	111	0
108	102	15
118	102	0
118	102	0
118	111	44
108	102	13
114	115	0
114	112	0
118	112	0
118	112	0
118	112	0
118	112	0
108	143	0
108	143	0
118	111	0
118	111	0
114	112	0
114	112	0
114	113	0
114	113	0
114	113	0
114	113	0
114	113	0
114	113	0
108	128	0
108	128	0
108	143	42
108	143	42
108	142	0
108	142	0
108	128	0
108	128	0
136	131	0
136	131	0
134	131	0
134	131	0
136	129	0
136	129	0
136	129	0
136	129	0
134	139	0
134	139	0
134	138	0
134	138	0
134	139	0
134	139	0
108	111	0
118	112	0
108	111	0
108	102	0
108	102	0
108	102	0
108	111	0
108	103	0
114	115	0
118	112	0
118	111	0
118	111	0
118	111	0
118	111	0
108	143	0
108	143	0
108	102	0
108	102	0
118	112	0
118	112	0
114	113	10
114	113	10
114	112	0
114	112	0
114	113	0
114	113	0
136	128	0
136	128	0
108	143	0
108	143	0
108	128	0
108	128	0
136	129	0
136	129	0
134	131	0
134	131	0
134	138	0
134	138	0
136	130	0
136	130	0
134	130	10
134	130	10
144	144	0
144	144	0
134	139	0
134	139	0
134	139	0
134	139	0
118	111	0
114	112	0
118	111	0
118	102	0
118	102	0
118	111	0
114	112	0
118	102	0
114	115	52
114	115	0
114	115	0
114	115	0
114	115	0
114	115	0
118	102	0
118	102	0
114	112	0
114	112	0
114	115	0
114	115	0
114	113	0
114	113	0
114	113	0
114	113	0
114	113	0
114	113	0
108	128	0
108	128	0
118	143	0
118	143	0
108	143	0
108	143	0
108	128	0
108	128	0
133	130	0
133	130	0
136	131	0
136	131	0
108	129	0
108	129	0
108	129	0
108	129	0
134	139	37
134	139	37
134	138	0
134	138	0
134	139	0
134	139	0
114	111	0
114	112	0
114	112	0
114	102	0
114	111	0
114	111	0
114	112	27
114	111	0
114	113	0
114	113	0
114	113	0
114	113	0
113	113	0
113	113	0
114	112	0
114	112	0
114	115	0
114	115	0
113	113	0
113	113	0
118	143	0
118	143	0
114	102	0
114	102	0
118	143	0
118	143	0
118	128	0
118	128	0
108	129	24
108	129	24
119	131	0
119	131	0
108	129	0
108	129	0
118	128	0
118	128	0
132	138	0
132	138	0
134	144	0
134	144	0
134	144	0
134	144	0
119	130	0
119	130	0
134	139	0
134	139	0
113	111	0
113	115	7
113	115	0
113	111	0
113	112	0
113	112	0
113	113	0
113	115	16
113	113	0
113	113	0
113	113	0
113	111	0
113	111	0
113	112	0
113	112	0
114	143	0
114	143	0
114	128	0
114	128	0
108	129	0
108	129	0
108	130	0
108	130	0
118	129	0
118	129	0
114	128	0
114	128	0
133	138	0
133	138	0
134	144	0
134	144	0
134	139	0
134	139	0
108	129	0
108	129	0
136	139	0
136	139	0
114	111	0
114	112	12
114	112	17
114	111	0
114	111	0
114	112	0
114	115	0
114	112	0
113	113	0
113	113	13
114	113	0
114	113	0
113	113	0
113	113	0
114	143	0
114	143	0
114	111	0
114	111	0
114	143	0
114	143	0
118	128	0
118	128	0
108	129	0
108	129	0
119	131	0
119	131	0
108	129	0
108	129	0
118	128	18
118	128	18
132	138	0
132	138	0
144	144	0
144	144	0
134	144	0
134	144	0
108	130	0
108	130	0
134	139	0
134	139	0
108	111	0
108	111	0
108	102	25
108	102	0
108	102	0
108	102	0
108	102	0
119	143	0
118	112	17
108	111	0
108	102	0
108	102	0
108	102	0
108	102	0
136	128	45
136	128	45
119	102	0
119	102	0
108	112	0
108	112	0
118	115	15
118	115	15
118	112	0
118	112	0
114	113	0
114	113	0
134	129	58
134	129	58
136	143	0
136	143	0
134	128	0
134	128	0
134	130	0
134	130	0
144	138	0
144	138	0
134	138	26
134	138	26
134	130	0
134	130	0
134	138	0
134	138	0
144	144	0
144	144	0
118	111	0
118	112	44
118	111	0
108	102	0
118	102	0
118	102	0
118	111	0
108	103	0
114	115	0
114	112	0
118	112	0
118	112	0
118	112	0
118	112	0
108	143	0
108	143	0
118	111	0
118	111	0
114	115	0
114	115	0
114	113	0
114	113	0
114	113	0
114	113	0
114	113	0
114	113	0
108	128	0
108	128	0
108	143	0
108	143	0
108	128	0
108	128	0
136	128	0
136	128	0
134	131	0
134	131	0
134	138	0
134	138	0
136	129	0
136	129	0
136	130	0
136	130	0
144	144	0
144	144	0
134	139	0
134	139	0
144	144	0
144	144	0

